timestamp,pos_x,pos_y,pos_z,quat_w,quat_x,quat_y,quat_z,button,toggle
5087773799133600,0.000000,0.000000,0.000000,0.999934,0.002705,0.000191,0.011166,False,False
5087773817683600,0.000000,0.000000,0.000000,0.999935,0.002459,0.000028,0.011120,False,False
5087773834206600,0.000000,0.000000,0.000000,0.999938,0.002428,0.000036,0.010879,False,False
5087773851635800,0.000000,0.000000,0.000000,0.999938,0.002428,0.000036,0.010879,False,False
5087773869021100,0.000000,0.000000,0.000000,0.999942,0.002549,-0.000265,0.010508,False,False
5087773886907300,0.000000,0.000000,0.000000,0.999944,0.002655,-0.000600,0.010257,False,False
5087773904698600,0.000000,0.000000,0.000000,0.999945,0.002699,-0.000844,0.010126,False,False
5087773922783500,0.000000,0.000000,0.000000,0.999946,0.002751,-0.001581,0.009865,False,False
5087773940396100,0.000000,0.000000,0.000000,0.999948,0.002796,-0.002318,0.009481,False,False
5087773957078400,0.000000,0.000000,0.000000,0.999950,0.002822,-0.002730,0.009246,False,False
5087773974422100,0.000000,0.000000,0.000000,0.999952,0.002869,-0.003514,0.008724,False,False
5087773992539600,0.000000,0.000000,0.000000,0.999954,0.002894,-0.004083,0.008131,False,False
5087774011003500,0.000000,0.000000,0.000000,0.999956,0.002901,-0.004338,0.007819,False,False
5087774028881100,0.000000,0.000000,0.000000,0.999959,0.002968,-0.004807,0.007086,False,False
5087774045869700,0.000000,0.000000,0.000000,0.999963,0.003264,-0.005212,0.006082,False,False
5087774063363100,0.000000,0.000000,0.000000,0.999964,0.003488,-0.005373,0.005489,False,False
5087774080564400,0.000000,0.000000,0.000000,0.999968,0.004258,-0.005878,0.003369,False,False
5087774098846400,0.000000,0.000000,0.000000,0.999968,0.004319,-0.006048,0.003039,False,False
5087774115897500,0.000000,0.000000,0.000000,0.999967,0.004377,-0.006250,0.002647,False,False
5087774133952900,0.000000,0.000000,0.000000,0.999968,0.004421,-0.006199,0.002445,False,False
5087774151694500,0.000000,0.000000,0.000000,0.999968,0.004433,-0.006215,0.002423,False,False
5087774169706400,0.000000,0.000000,0.000000,0.999968,0.004312,-0.006177,0.002502,False,False
5087774186831400,0.000000,0.000000,0.000000,0.999969,0.004118,-0.006213,0.002634,False,False
5087774204221300,0.000000,0.000000,0.000000,0.999969,0.004104,-0.006236,0.002661,False,False
5087774222218200,0.000000,0.000000,0.000000,0.999969,0.004185,-0.006182,0.002605,False,False
5087774239152900,0.000000,0.000000,0.000000,0.999969,0.004430,-0.006134,0.002340,False,False
5087774257348200,0.000000,0.000000,0.000000,0.999968,0.004813,-0.006108,0.001733,False,False
5087774274056700,0.000000,0.000000,0.000000,0.999968,0.005062,-0.006137,0.001286,False,False
5087774291339500,0.000000,0.000000,0.000000,0.999964,0.005631,-0.006288,0.000160,False,False
5087774309161000,0.000000,0.000000,0.000000,0.999997,0.000187,-0.002008,-0.001053,False,False
5087774326295000,0.000453,0.000207,0.000024,0.999995,0.000406,-0.002326,-0.002075,False,False
5087774343836400,0.000964,0.000541,0.000076,0.999993,0.000275,-0.002549,-0.002870,False,False
5087774361289200,0.001552,0.001034,0.000163,0.999991,-0.000215,-0.002559,-0.003368,False,False
5087774379542400,0.002198,0.001653,0.000290,0.999990,-0.000884,-0.002555,-0.003567,False,False
5087774397680800,0.002910,0.002338,0.000457,0.999989,-0.001571,-0.002485,-0.003607,False,False
5087774415055500,0.003404,0.003367,-0.000699,0.999994,0.000198,-0.001868,-0.002839,False,False
5087774433372000,0.004542,0.004925,-0.001188,0.999993,-0.000722,-0.002347,-0.002672,False,False
5087774449736200,0.004542,0.004925,-0.001188,0.999993,-0.000722,-0.002347,-0.002672,False,False
5087774466365400,0.005859,0.006192,-0.000834,0.999994,-0.001089,-0.002703,-0.002025,False,False
5087774484712100,0.006539,0.006823,-0.000583,0.999994,-0.001195,-0.002958,-0.001649,False,False
5087774501595700,0.005026,0.006310,-0.001883,0.999987,0.001150,-0.004586,-0.001681,False,False
5087774518961800,0.004810,0.006476,-0.002124,0.999983,0.001439,-0.005419,-0.001395,False,False
5087774536758400,0.005013,0.006860,-0.002032,0.999980,0.001650,-0.006031,-0.001133,False,False
5087774554167400,0.005357,0.007325,-0.001823,0.999977,0.001876,-0.006521,-0.000916,False,False
5087774571790400,0.005744,0.007850,-0.001575,0.999973,0.002081,-0.007007,-0.000734,False,False
5087774589240100,0.006153,0.008423,-0.001309,0.999969,0.002238,-0.007513,-0.000577,False,False
5087774607304800,0.006233,0.005820,-0.003286,0.999953,0.004708,-0.008342,0.001527,False,False
5087774624459700,0.006484,0.005253,-0.003811,0.999946,0.005035,-0.008890,0.001612,False,False
5087774642399000,0.006843,0.005353,-0.003895,0.999943,0.005103,-0.009273,0.001585,False,False
5087774661569800,0.007265,0.005690,-0.003847,0.999940,0.005033,-0.009575,0.001491,False,False
5087774678925500,0.007730,0.006121,-0.003762,0.999938,0.004878,-0.009890,0.001367,False,False
5087774697131000,0.008257,0.006598,-0.003656,0.999938,0.004685,-0.010053,0.001198,False,False
5087774713879700,0.007149,0.003664,-0.005133,0.999895,0.005386,-0.012843,0.003957,False,False
5087774730593400,0.007072,0.002910,-0.005631,0.999894,0.005396,-0.012996,0.003798,False,False
5087774748787200,0.007357,0.002861,-0.005822,0.999896,0.005199,-0.012924,0.003662,False,False
5087774765785700,0.008183,0.003295,-0.006008,0.999902,0.004612,-0.012690,0.003627,False,False
5087774783474900,0.008602,0.003587,-0.006094,0.999903,0.004302,-0.012668,0.003735,False,False
5087774800787000,0.008602,0.003587,-0.006094,0.999903,0.004302,-0.012668,0.003735,False,False
5087774819109600,0.008268,0.001322,-0.007052,0.999841,0.002720,-0.016484,0.006295,False,False
5087774837021300,0.008476,0.001221,-0.007270,0.999836,0.002720,-0.016613,0.006690,False,False
5087774854848300,0.008737,0.001214,-0.007444,0.999832,0.002833,-0.016662,0.007090,False,False
5087774871669900,0.009013,0.001214,-0.007603,0.999828,0.003025,-0.016691,0.007483,False,False
5087774889165000,0.009284,0.001189,-0.007760,0.999822,0.003265,-0.016848,0.007877,False,False
5087774907069200,0.009343,0.000244,-0.007371,0.999742,0.000198,-0.020616,0.009546,False,False
5087774923998400,0.009535,-0.000208,-0.007385,0.999732,0.000589,-0.020908,0.009899,False,False
5087774941375600,0.009788,-0.000509,-0.007485,0.999724,0.000948,-0.021196,0.010102,False,False
5087774961837600,0.010079,-0.000765,-0.007610,0.999717,0.001338,-0.021457,0.010185,False,False
5087774978816100,0.010415,-0.001019,-0.007736,0.999713,0.001808,-0.021634,0.010132,False,False
5087774997767900,0.010799,-0.001288,-0.007864,0.999711,0.002395,-0.021721,0.009971,False,False
5087775015925500,0.012706,-0.001119,-0.006321,0.999677,0.002212,-0.023359,0.009767,False,False
5087775032817200,0.013369,-0.001251,-0.006311,0.999679,0.002802,-0.023321,0.009486,False,False
5087775050675000,0.014023,-0.001393,-0.006378,0.999682,0.003263,-0.023284,0.009161,False,False
5087775069061500,0.014699,-0.001540,-0.006458,0.999685,0.003543,-0.023245,0.008795,False,False
5087775086382000,0.014256,-0.001915,-0.004276,0.999684,0.004401,-0.022992,0.009174,False,False
5087775103085000,0.014484,-0.002153,-0.003274,0.999684,0.004342,-0.023114,0.008829,False,False
5087775119757500,0.015134,-0.002352,-0.002975,0.999680,0.004374,-0.023519,0.008209,False,False
5087775137326100,0.015942,-0.002562,-0.002884,0.999670,0.004522,-0.024166,0.007392,False,False
5087775153648000,0.016835,-0.002804,-0.002836,0.999657,0.004847,-0.024922,0.006469,False,False
5087775171194800,0.017780,-0.003092,-0.002759,0.999641,0.005381,-0.025656,0.005533,False,False
5087775189448900,0.019166,-0.002835,-0.002966,0.999666,0.009141,-0.023783,0.004356,False,False
5087775207694700,0.020386,-0.002914,-0.002902,0.999641,0.010004,-0.024605,0.003485,False,False
5087775225010600,0.021530,-0.003227,-0.002758,0.999611,0.011059,-0.025458,0.002592,False,False
5087775244039700,0.022635,-0.003649,-0.002587,0.999571,0.012261,-0.026554,0.001758,False,False
5087775260758000,0.023713,-0.004122,-0.002397,0.999523,0.013526,-0.027754,0.001077,False,False
5087775279310300,0.024770,-0.004601,-0.002204,0.999472,0.014769,-0.028929,0.000699,False,False
5087775295694600,0.027190,-0.004741,-0.002353,0.999434,0.017490,-0.028723,-0.000129,False,False
5087775313471900,0.028914,-0.004977,-0.002366,0.999381,0.018399,-0.029967,0.000435,False,False
5087775330390100,0.030238,-0.005279,-0.002341,0.999329,0.019194,-0.031184,0.001151,False,False
5087775348085900,0.031457,-0.005589,-0.002309,0.999277,0.019912,-0.032308,0.002045,False,False
5087775366108500,0.033902,-0.006128,-0.002370,0.999188,0.021083,-0.034071,0.004215,False,False
5087775383579900,0.035232,-0.005999,-0.002416,0.999161,0.022802,-0.033865,0.003170,False,False
5087775400511500,0.036614,-0.005983,-0.002493,0.999142,0.023035,-0.034112,0.004582,False,False
5087775417730200,0.036614,-0.005983,-0.002493,0.999142,0.023035,-0.034112,0.004582,False,False
5087775437662600,0.039427,-0.006124,-0.002812,0.999113,0.023722,-0.034121,0.006755,False,False
5087775453534300,0.040895,-0.006237,-0.003031,0.999100,0.024260,-0.033968,0.007494,False,False
5087775470351300,0.042389,-0.006364,-0.003242,0.999097,0.024915,-0.033433,0.008141,False,False
5087775488193800,0.044088,-0.006500,-0.003015,0.999105,0.027342,-0.031976,0.004466,False,False
5087775505230800,0.045722,-0.006605,-0.003007,0.999106,0.028021,-0.031196,0.005399,False,False
5087775522903900,0.047253,-0.006723,-0.003198,0.999104,0.028747,-0.030452,0.006053,False,False
5087775540591600,0.048752,-0.006843,-0.003460,0.999100,0.029442,-0.029833,0.006479,False,False
5087775559025000,0.050228,-0.006907,-0.003745,0.999102,0.030015,-0.029135,0.006789,False,False
5087775576256200,0.051649,-0.006879,-0.004047,0.999103,0.030417,-0.028581,0.007176,False,False
5087775593227400,0.053071,-0.006693,-0.003935,0.999108,0.031415,-0.027841,0.004698,False,False
5087775610879600,0.054506,-0.006445,-0.004098,0.999112,0.031417,-0.027528,0.005573,False,False
5087775628054800,0.055830,-0.006138,-0.004410,0.999115,0.031267,-0.027360,0.006513,False,False
5087775645334100,0.057093,-0.005766,-0.004773,0.999122,0.030975,-0.027203,0.007526,False,False
5087775663028600,0.058349,-0.005355,-0.005176,0.999133,0.030628,-0.026897,0.008452,False,False
5087775681002200,0.061708,-0.004671,-0.005644,0.999195,0.029840,-0.025612,0.007881,False,False
5087775698863400,0.063436,-0.004291,-0.005905,0.999225,0.029340,-0.024764,0.008681,False,False
5087775716992600,0.064899,-0.003838,-0.006309,0.999258,0.028750,-0.023851,0.009387,False,False
5087775735098400,0.066320,-0.003375,-0.006799,0.999293,0.028142,-0.022860,0.009969,False,False
5087775753836200,0.067808,-0.002958,-0.007398,0.999325,0.027652,-0.021880,0.010342,False,False
5087775770277500,0.069411,-0.002599,-0.008104,0.999355,0.027369,-0.020745,0.010464,False,False
5087775788399000,0.073396,-0.002914,-0.008544,0.999419,0.027079,-0.018346,0.009578,False,False
5087775806523600,0.076026,-0.002839,-0.009208,0.999440,0.026981,-0.017024,0.010100,False,False
5087775823926400,0.077901,-0.002571,-0.009984,0.999451,0.026942,-0.015982,0.010755,False,False
5087775841674600,0.079630,-0.002270,-0.010806,0.999468,0.027033,-0.014367,0.011266,False,False
5087775859693900,0.081351,-0.002008,-0.011665,0.999481,0.027310,-0.012497,0.011617,False,False
5087775877507800,0.082995,-0.001809,-0.012538,0.999484,0.027738,-0.010855,0.012044,False,False
5087775895324200,0.089384,-0.002466,-0.013272,0.999492,0.027809,-0.007955,0.013413,False,False
5087775912358400,0.092956,-0.002742,-0.014050,0.999465,0.028508,-0.006553,0.014652,False,False
5087775930731400,0.095100,-0.002866,-0.014855,0.999436,0.029281,-0.005431,0.015528,False,False
5087775948084300,0.098271,-0.003184,-0.016554,0.999378,0.030920,-0.004312,0.016401,False,False
5087775965652600,0.099677,-0.003394,-0.017417,0.999355,0.031706,-0.003933,0.016404,False,False
5087775983132000,0.105430,-0.003801,-0.018079,0.999332,0.031689,-0.002777,0.017981,False,False
5087776000992900,0.108502,-0.004075,-0.018884,0.999305,0.032425,-0.002840,0.018152,False,False
5087776017708300,0.110191,-0.004250,-0.019722,0.999287,0.033100,-0.003101,0.017906,False,False
5087776035744100,0.111317,-0.004349,-0.020520,0.999273,0.033657,-0.003380,0.017602,False,False
5087776053807500,0.112175,-0.004401,-0.021270,0.999261,0.034105,-0.003503,0.017348,False,False
5087776070838000,0.112869,-0.004431,-0.022012,0.999254,0.034463,-0.003646,0.017028,False,False
5087776088855600,0.117977,-0.004584,-0.022900,0.999256,0.033735,-0.003055,0.018456,False,False
5087776106474600,0.120321,-0.004674,-0.023697,0.999250,0.033982,-0.003530,0.018220,False,False
5087776123442100,0.121312,-0.004708,-0.024377,0.999253,0.034159,-0.004035,0.017589,False,False
5087776141653700,0.121774,-0.004694,-0.024979,0.999262,0.034240,-0.004568,0.016814,False,False
5087776160277100,0.121958,-0.004646,-0.025519,0.999272,0.034241,-0.005202,0.015971,False,False
5087776177919800,0.121957,-0.004586,-0.025969,0.999285,0.034159,-0.005878,0.015123,False,False
5087776195178900,0.126882,-0.004824,-0.026495,0.999305,0.033075,-0.005390,0.016345,False,False
5087776212970900,0.128778,-0.004909,-0.026837,0.999316,0.032801,-0.005723,0.016077,False,False
5087776230319600,0.129256,-0.004933,-0.027056,0.999332,0.032468,-0.006246,0.015535,False,False
5087776250584200,0.128924,-0.004918,-0.027251,0.999368,0.031648,-0.007791,0.014162,False,False
5087776265994300,0.128495,-0.004888,-0.027205,0.999385,0.031182,-0.008625,0.013534,False,False
5087776283847200,0.133089,-0.004785,-0.028174,0.999408,0.029934,-0.008716,0.014549,False,False
5087776301396900,0.134630,-0.004750,-0.028467,0.999416,0.029532,-0.009329,0.014426,False,False
5087776318501600,0.134797,-0.004748,-0.028431,0.999425,0.029144,-0.010040,0.014121,False,False
5087776336201000,0.134511,-0.004780,-0.028267,0.999430,0.028822,-0.010811,0.013854,False,False
5087776352928400,0.134103,-0.004846,-0.028042,0.999432,0.028609,-0.011469,0.013645,False,False
5087776370852500,0.133719,-0.004940,-0.027792,0.999433,0.028512,-0.011805,0.013448,False,False
5087776389348100,0.137564,-0.005367,-0.028107,0.999443,0.027593,-0.011569,0.014784,False,False
5087776406825900,0.138986,-0.005616,-0.028123,0.999438,0.027647,-0.011561,0.015047,False,False
5087776423745900,0.139395,-0.005771,-0.027990,0.999435,0.027736,-0.011468,0.015100,False,False
5087776441708900,0.139526,-0.005880,-0.027816,0.999435,0.027812,-0.011303,0.015082,False,False
5087776461512600,0.139589,-0.005952,-0.027643,0.999439,0.027803,-0.011096,0.015017,False,False
5087776478978800,0.139622,-0.005986,-0.027488,0.999444,0.027641,-0.011098,0.014978,False,False
5087776497607200,0.143248,-0.006118,-0.028232,0.999518,0.026098,-0.011142,0.012625,False,False
5087776514468800,0.143705,-0.006094,-0.028250,0.999530,0.025644,-0.011271,0.012416,False,False
5087776532714300,0.144005,-0.006091,-0.028222,0.999539,0.025250,-0.011373,0.012404,False,False
5087776551205700,0.144333,-0.006132,-0.028182,0.999549,0.025025,-0.011100,0.012315,False,False
5087776568551700,0.144669,-0.006230,-0.028150,0.999552,0.025059,-0.010985,0.012168,False,False
5087776585779600,0.146383,-0.006314,-0.028571,0.999563,0.024791,-0.010817,0.011879,False,False
5087776603524700,0.147392,-0.006535,-0.028727,0.999557,0.025459,-0.010404,0.011399,False,False
5087776620815900,0.148153,-0.006891,-0.028743,0.999539,0.026477,-0.009725,0.011218,False,False
5087776638618300,0.148843,-0.007377,-0.028695,0.999507,0.027907,-0.008929,0.011243,False,False
5087776658478600,0.149491,-0.007977,-0.028620,0.999459,0.029740,-0.008068,0.011484,False,False
5087776676086700,0.150076,-0.008673,-0.028536,0.999391,0.031903,-0.007460,0.012006,False,False
5087776695977400,0.150676,-0.008957,-0.028635,0.999323,0.033819,-0.006880,0.012752,False,False
5087776712400400,0.151207,-0.009652,-0.028588,0.999226,0.036502,-0.006224,0.013237,False,False
5087776729297900,0.151655,-0.010527,-0.028492,0.999109,0.039367,-0.005874,0.014017,False,False
5087776746584700,0.152029,-0.011511,-0.028390,0.998970,0.042409,-0.005971,0.014967,False,False
5087776763388200,0.152418,-0.012577,-0.028290,0.998816,0.045600,-0.006078,0.015826,False,False
5087776780448900,0.152888,-0.013716,-0.028176,0.998651,0.048903,-0.005835,0.016446,False,False
5087776797321800,0.154582,-0.014897,-0.028209,0.998497,0.051895,-0.005306,0.016817,False,False
5087776814330400,0.156308,-0.017238,-0.028002,0.998150,0.058248,-0.004394,0.016835,False,False
5087776832199400,0.157026,-0.018391,-0.027885,0.997977,0.061219,-0.003962,0.016686,False,False
5087776850257300,0.157026,-0.018391,-0.027885,0.997977,0.061219,-0.003962,0.016686,False,False
5087776867537500,0.158519,-0.020775,-0.027582,0.997608,0.067167,-0.002348,0.016149,False,False
5087776885118400,0.159783,-0.022014,-0.027409,0.997409,0.070143,-0.001235,0.015947,False,False
5087776902945000,0.160687,-0.023310,-0.027162,0.997176,0.073444,-0.000300,0.015692,False,False
5087776920222100,0.161423,-0.024686,-0.026883,0.996914,0.076941,0.000540,0.015548,False,False
5087776937882000,0.162032,-0.026156,-0.026590,0.996620,0.080649,0.001002,0.015592,False,False
5087776955462300,0.162574,-0.027734,-0.026284,0.996284,0.084642,0.001393,0.015847,False,False
5087776973594000,0.163076,-0.029429,-0.025958,0.995900,0.088959,0.001878,0.016320,False,False
5087776989936900,0.163536,-0.030984,-0.025679,0.995467,0.093549,0.002494,0.016968,False,False
5087777008201800,0.163937,-0.032783,-0.025386,0.994980,0.098470,0.002728,0.017628,False,False
5087777024802600,0.164285,-0.034707,-0.025109,0.994451,0.103559,0.002778,0.018314,False,False
5087777042186700,0.164599,-0.036698,-0.024845,0.993886,0.108753,0.002699,0.018868,False,False
5087777059668000,0.164890,-0.038731,-0.024575,0.993290,0.114011,0.002624,0.019201,False,False
5087777077272400,0.165129,-0.040802,-0.024288,0.992666,0.119301,0.002363,0.019368,False,False
5087777094107900,0.164837,-0.042911,-0.024752,0.992025,0.124545,0.002111,0.019246,False,False
5087777111048100,0.164788,-0.044994,-0.024711,0.991356,0.129809,0.001481,0.019017,False,False
5087777128369200,0.164741,-0.047062,-0.024495,0.990672,0.134986,0.000525,0.018659,False,False
5087777145771300,0.164667,-0.049141,-0.024199,0.989964,0.140149,-0.000529,0.018167,False,False
5087777162498200,0.164569,-0.051236,-0.023860,0.989223,0.145351,-0.001486,0.017589,False,False
5087777179710200,0.164416,-0.053368,-0.023504,0.988427,0.150718,-0.002615,0.017015,False,False
5087777198386700,0.164099,-0.057863,-0.022787,0.986575,0.162473,-0.004646,0.015859,False,False
5087777217993700,0.164138,-0.059984,-0.021616,0.985484,0.169013,-0.004914,0.015202,False,False
5087777234691000,0.164048,-0.062356,-0.021008,0.984298,0.175812,-0.005582,0.014732,False,False
5087777251804500,0.163891,-0.064822,-0.020617,0.983032,0.182753,-0.006313,0.014447,False,False
5087777269967300,0.163691,-0.067321,-0.020334,0.981707,0.189727,-0.007076,0.014342,False,False
5087777287768400,0.163415,-0.069817,-0.020120,0.980339,0.196628,-0.008082,0.014415,False,False
5087777305853100,0.163047,-0.072289,-0.019953,0.978934,0.203428,-0.009600,0.014615,False,False
5087777323917300,0.163929,-0.073648,-0.020353,0.977525,0.209937,-0.011176,0.015669,False,False
5087777341044700,0.163982,-0.075681,-0.020430,0.976069,0.216474,-0.012560,0.016465,False,False
5087777360966400,0.163713,-0.077964,-0.020404,0.974557,0.223038,-0.013981,0.017219,False,False
5087777379072700,0.163340,-0.080309,-0.020376,0.973006,0.229567,-0.015279,0.018025,False,False
5087777397564000,0.162900,-0.082666,-0.020367,0.971417,0.236034,-0.016694,0.018925,False,False
5087777415161000,0.161485,-0.087479,-0.019949,0.968127,0.248808,-0.019616,0.020948,False,False
5087777432342000,0.160820,-0.089839,-0.019857,0.966419,0.255165,-0.021107,0.021890,False,False
5087777451500700,0.160216,-0.092158,-0.019884,0.964675,0.261469,-0.022758,0.022763,False,False
5087777468446800,0.159669,-0.094438,-0.019956,0.962903,0.267728,-0.024189,0.023543,False,False
5087777486893900,0.159168,-0.096678,-0.020058,0.961112,0.273914,-0.025459,0.024228,False,False
5087777504056200,0.158687,-0.098885,-0.020192,0.959332,0.279874,-0.027070,0.024905,False,False
5087777522164600,0.158855,-0.101638,-0.020804,0.957449,0.286081,-0.028343,0.025398,False,False
5087777539861400,0.158648,-0.103978,-0.021163,0.955585,0.292114,-0.029499,0.025631,False,False
5087777556562400,0.158391,-0.106178,-0.021478,0.953715,0.298080,-0.030383,0.025541,False,False
5087777574140000,0.158193,-0.108307,-0.021816,0.951850,0.303966,-0.030897,0.025135,False,False
5087777592000100,0.158051,-0.110380,-0.022187,0.949991,0.309760,-0.031091,0.024490,False,False
5087777608930700,0.159376,-0.112360,-0.023288,0.948154,0.315357,-0.031371,0.023869,False,False
5087777625924700,0.159779,-0.114238,-0.023928,0.946391,0.320683,-0.031201,0.023070,False,False
5087777643778300,0.159882,-0.116056,-0.024429,0.944708,0.325675,-0.031022,0.022355,False,False
5087777661403000,0.159928,-0.117824,-0.024891,0.943113,0.330342,-0.030705,0.021669,False,False
5087777679480200,0.160000,-0.119514,-0.025348,0.941631,0.334647,-0.030041,0.020986,False,False
5087777696911600,0.160047,-0.121123,-0.025822,0.940241,0.338627,-0.029510,0.020212,False,False
5087777714672600,0.161145,-0.123343,-0.027447,0.937516,0.346217,-0.029022,0.018823,False,False
5087777732467400,0.161388,-0.124829,-0.028099,0.936138,0.350018,-0.028586,0.017765,False,False
5087777750001600,0.161741,-0.126335,-0.028721,0.934795,0.353760,-0.026877,0.017009,False,False
5087777767861500,0.161741,-0.126335,-0.028721,0.934795,0.353760,-0.026877,0.017009,False,False
5087777785097100,0.161967,-0.129374,-0.030094,0.932020,0.361111,-0.026191,0.015842,False,False
5087777803035600,0.164665,-0.130041,-0.031568,0.930707,0.364508,-0.025939,0.015639,False,False
5087777820145400,0.165622,-0.131210,-0.032543,0.929462,0.367710,-0.025524,0.015426,False,False
5087777837626200,0.165883,-0.132496,-0.033376,0.928266,0.370685,-0.026162,0.015161,False,False
5087777855017100,0.166017,-0.133775,-0.034147,0.927178,0.373382,-0.026579,0.014861,False,False
5087777872560800,0.166241,-0.134996,-0.034869,0.926241,0.375742,-0.026203,0.014474,False,False
5087777889654500,0.166458,-0.136161,-0.035551,0.925456,0.377701,-0.026058,0.013945,False,False
5087777907230900,0.166710,-0.137322,-0.036207,0.924737,0.379489,-0.025894,0.013394,False,False
5087777925566100,0.167090,-0.137607,-0.037407,0.923988,0.381385,-0.024995,0.012879,False,False
5087777943585100,0.167546,-0.138575,-0.038272,0.923179,0.383439,-0.023792,0.012155,False,False
5087777960324000,0.168001,-0.139764,-0.039051,0.922361,0.385481,-0.022816,0.011595,False,False
5087777978581600,0.168445,-0.141053,-0.039819,0.921532,0.387520,-0.021999,0.011080,False,False
5087777996067300,0.168936,-0.142406,-0.040592,0.920715,0.389527,-0.021053,0.010425,False,False
5087778013865500,0.169552,-0.143708,-0.041392,0.920105,0.391070,-0.019535,0.009403,False,False
5087778031866600,0.170614,-0.142558,-0.042225,0.919974,0.391507,-0.017646,0.007670,False,False
5087778049184300,0.171686,-0.144082,-0.044081,0.919297,0.393182,-0.017164,0.002585,False,False
5087778067199600,0.172443,-0.145557,-0.045186,0.918200,0.395845,-0.014658,0.000251,False,False
5087778085315600,0.173381,-0.147290,-0.046401,0.916599,0.399659,-0.010760,-0.001537,False,False
5087778102150200,0.172820,-0.147454,-0.047648,0.914603,0.404250,-0.008514,-0.003170,False,False
5087778120345500,0.173088,-0.148964,-0.049085,0.912358,0.409322,-0.006369,-0.004196,False,False
5087778138110900,0.173598,-0.150973,-0.050637,0.909898,0.414784,-0.004201,-0.004747,False,False
5087778155574300,0.173854,-0.153057,-0.052250,0.907447,0.420113,-0.004101,-0.005201,False,False
5087778173254900,0.173931,-0.155039,-0.053874,0.905155,0.425016,-0.005098,-0.005472,False,False
5087778190719200,0.174021,-0.156904,-0.055434,0.903124,0.429300,-0.006047,-0.005575,False,False
5087778208928800,0.174502,-0.156998,-0.057308,0.901233,0.433237,-0.007246,-0.005771,False,False
5087778225679300,0.174535,-0.158174,-0.058895,0.899354,0.437080,-0.009400,-0.005841,False,False
5087778242738500,0.174515,-0.159699,-0.060353,0.897411,0.441018,-0.011090,-0.005784,False,False
5087778260183400,0.174532,-0.161344,-0.061737,0.895373,0.445109,-0.012299,-0.005767,False,False
5087778278189200,0.174569,-0.163015,-0.063081,0.893268,0.449281,-0.013495,-0.006021,False,False
5087778295122300,0.174728,-0.164683,-0.064415,0.891082,0.453576,-0.014135,-0.006522,False,False
5087778312075200,0.174747,-0.164852,-0.065586,0.888770,0.458081,-0.014053,-0.007265,False,False
5087778328843100,0.175078,-0.166077,-0.066879,0.886427,0.462592,-0.013744,-0.008124,False,False
5087778345852700,0.175588,-0.167669,-0.068205,0.884044,0.467138,-0.012861,-0.009069,False,False
5087778363238000,0.176656,-0.171154,-0.070829,0.879125,0.476329,-0.011056,-0.011311,False,False
5087778380072300,0.176656,-0.171154,-0.070829,0.879125,0.476329,-0.011056,-0.011311,False,False
5087778398222500,0.177128,-0.172953,-0.072185,0.876483,0.481147,-0.010628,-0.012706,False,False
5087778416002100,0.177015,-0.175051,-0.074249,0.870735,0.491444,-0.008336,-0.015301,False,False
5087778434233400,0.177071,-0.176338,-0.075341,0.867916,0.496373,-0.007699,-0.016636,False,False
5087778452078300,0.177413,-0.177917,-0.076508,0.865196,0.501073,-0.006619,-0.017822,False,False
5087778469159500,0.177762,-0.179539,-0.077654,0.862614,0.505471,-0.005797,-0.019049,False,False
5087778486043000,0.178030,-0.181118,-0.078760,0.860202,0.509517,-0.005498,-0.020354,False,False
5087778504354300,0.178367,-0.182118,-0.079554,0.857985,0.513190,-0.005045,-0.021752,False,False
5087778521676000,0.178610,-0.183372,-0.080482,0.855990,0.516453,-0.005086,-0.023066,False,False
5087778540064200,0.178854,-0.184668,-0.081442,0.854160,0.519412,-0.005157,-0.024388,False,False
5087778557058500,0.179162,-0.185951,-0.082429,0.852422,0.522204,-0.004918,-0.025601,False,False
5087778573814200,0.179457,-0.187212,-0.083449,0.850733,0.524893,-0.004948,-0.026781,False,False
5087778591807500,0.179809,-0.188441,-0.084486,0.849149,0.527403,-0.004796,-0.027735,False,False
5087778610146000,0.180248,-0.189636,-0.085554,0.847660,0.529766,-0.004215,-0.028319,False,False
5087778627286700,0.181592,-0.190543,-0.087327,0.846281,0.531944,-0.004157,-0.028750,False,False
5087778645322200,0.182339,-0.191632,-0.088717,0.844850,0.534215,-0.004127,-0.028731,False,False
5087778662042700,0.182933,-0.192802,-0.090019,0.843368,0.536572,-0.003999,-0.028365,False,False
5087778679299200,0.183509,-0.194040,-0.091345,0.841743,0.539151,-0.003774,-0.027754,False,False
5087778696004600,0.184147,-0.195335,-0.092710,0.839964,0.541963,-0.003081,-0.026951,False,False
5087778714385000,0.184801,-0.196650,-0.094086,0.838098,0.544894,-0.002225,-0.026043,False,False
5087778731891600,0.186514,-0.199091,-0.097115,0.834297,0.550783,-0.000196,-0.024228,False,False
5087778748439500,0.187315,-0.200458,-0.098584,0.832311,0.553821,0.001117,-0.023240,False,False
5087778766595000,0.188094,-0.201790,-0.100047,0.830340,0.556803,0.002315,-0.022385,False,False
5087778783717200,0.188861,-0.203064,-0.101497,0.828415,0.559686,0.003427,-0.021644,False,False
5087778801952900,0.189605,-0.204278,-0.102916,0.826569,0.562427,0.004371,-0.020977,False,False
5087778819592800,0.190078,-0.204737,-0.104642,0.824834,0.564983,0.005174,-0.020419,False,False
5087778837131800,0.190699,-0.205610,-0.106065,0.823202,0.567375,0.005962,-0.019711,False,False
5087778855404700,0.191355,-0.206607,-0.107378,0.821664,0.569614,0.006694,-0.019041,False,False
5087778873293800,0.192050,-0.207643,-0.108636,0.820149,0.571804,0.007634,-0.018360,False,False
5087778891383900,0.192739,-0.208678,-0.109850,0.818594,0.574033,0.008654,-0.017719,False,False
5087778908436000,0.193457,-0.209701,-0.111025,0.816970,0.576344,0.009636,-0.017160,False,False
5087778925093500,0.194696,-0.210785,-0.112146,0.815354,0.578627,0.010573,-0.016667,False,False
5087778943466200,0.195472,-0.211746,-0.113227,0.813710,0.580933,0.011495,-0.016149,False,False
5087778960824600,0.196113,-0.212693,-0.114293,0.812062,0.583228,0.012477,-0.015643,False,False
5087778979002400,0.196703,-0.213642,-0.115356,0.810372,0.585564,0.013474,-0.015219,False,False
5087778996300600,0.197239,-0.214562,-0.116401,0.808662,0.587907,0.014401,-0.014931,False,False
5087779014174800,0.197171,-0.216949,-0.118842,0.805373,0.592375,0.015585,-0.014929,False,False
5087779031999400,0.197201,-0.217974,-0.119952,0.803823,0.594468,0.015913,-0.014935,False,False
5087779048963100,0.197394,-0.218839,-0.120952,0.802280,0.596543,0.016223,-0.014813,False,False
5087779066402100,0.197611,-0.219641,-0.121898,0.800722,0.598632,0.016480,-0.014582,False,False
5087779084129500,0.197811,-0.220422,-0.122821,0.799152,0.600730,0.016596,-0.014298,False,False
5087779100936100,0.199777,-0.220857,-0.123588,0.797474,0.602956,0.016878,-0.013960,False,False
5087779117907200,0.200624,-0.221557,-0.124472,0.795804,0.605160,0.017294,-0.013376,False,False
5087779136328300,0.201072,-0.222331,-0.125382,0.794133,0.607358,0.017488,-0.012769,False,False
5087779153998300,0.201402,-0.223088,-0.126295,0.792479,0.609524,0.017671,-0.012089,False,False
5087779172114200,0.201687,-0.223827,-0.127214,0.790852,0.611643,0.017682,-0.011486,False,False
5087779190484400,0.202011,-0.224551,-0.128127,0.789286,0.613670,0.017894,-0.010831,False,False
5087779207250800,0.202168,-0.225194,-0.129099,0.787849,0.615517,0.018096,-0.010285,False,False
5087779224372000,0.201376,-0.225556,-0.130576,0.786482,0.617267,0.018178,-0.009859,False,False
5087779241131400,0.201356,-0.226071,-0.131611,0.785142,0.618966,0.018558,-0.009439,False,False
5087779258520900,0.201618,-0.226644,-0.132540,0.783724,0.620748,0.019155,-0.009040,False,False
5087779276032800,0.202028,-0.227234,-0.133446,0.782249,0.622582,0.020139,-0.008521,False,False
5087779294100500,0.202485,-0.227812,-0.134318,0.780802,0.624368,0.021217,-0.007981,False,False
5087779311048300,0.202947,-0.228342,-0.135166,0.779509,0.625950,0.022316,-0.007345,False,False
5087779328467300,0.204073,-0.228258,-0.136086,0.778308,0.627423,0.023071,-0.006709,False,False
5087779345588700,0.204772,-0.228584,-0.137067,0.777024,0.628988,0.023912,-0.005996,False,False
5087779362459100,0.205379,-0.229058,-0.138136,0.775568,0.630746,0.025031,-0.005210,False,False
5087779379598900,0.205886,-0.229532,-0.139240,0.773994,0.632643,0.025978,-0.004634,False,False
5087779397287300,0.206304,-0.229963,-0.140351,0.772409,0.634549,0.026742,-0.004180,False,False
5087779414054600,0.206726,-0.230807,-0.142995,0.769005,0.638580,0.028910,-0.003151,False,False
5087779432262300,0.206944,-0.231247,-0.144270,0.767305,0.640581,0.029863,-0.002705,False,False
5087779450661800,0.207258,-0.231720,-0.145434,0.765697,0.642448,0.031039,-0.002104,False,False
5087779467427800,0.207569,-0.232199,-0.146495,0.764236,0.644127,0.032258,-0.001440,False,False
5087779484591000,0.207799,-0.232661,-0.147430,0.762951,0.645603,0.033201,-0.000821,False,False
5087779502442400,0.207975,-0.233104,-0.148287,0.761758,0.646966,0.034053,-0.000150,False,False
5087779519503700,0.209378,-0.233396,-0.148698,0.760575,0.648321,0.034723,0.000224,False,False
5087779536550100,0.209970,-0.233816,-0.149458,0.759246,0.649846,0.035288,0.000738,False,False
5087779554449700,0.210302,-0.234266,-0.150338,0.757864,0.651434,0.035694,0.001283,False,False
5087779571332500,0.210564,-0.234745,-0.151287,0.756364,0.653161,0.035924,0.001806,False,False
5087779588359100,0.210888,-0.235240,-0.152290,0.754678,0.655070,0.036569,0.002543,False,False
5087779605880200,0.211190,-0.235723,-0.153292,0.752953,0.657022,0.037048,0.003228,False,False
5087779623955100,0.211248,-0.235997,-0.154445,0.751223,0.658979,0.037360,0.003863,False,False
5087779642204700,0.211489,-0.236424,-0.155456,0.749532,0.660864,0.037931,0.004604,False,False
5087779659148900,0.211748,-0.236900,-0.156410,0.747797,0.662795,0.038398,0.005277,False,False
5087779676269100,0.211963,-0.237399,-0.157338,0.745968,0.664833,0.038663,0.005850,False,False
5087779693803800,0.212183,-0.237907,-0.158238,0.744010,0.666990,0.039122,0.006577,False,False
5087779710757700,0.212315,-0.238384,-0.159076,0.742072,0.669135,0.039178,0.007203,False,False
5087779727783700,0.212482,-0.238666,-0.159490,0.740198,0.671221,0.038845,0.007748,False,False
5087779745919400,0.212624,-0.239036,-0.160116,0.738520,0.673072,0.038623,0.008422,False,False
5087779763870400,0.212718,-0.239425,-0.160803,0.736984,0.674783,0.037995,0.008881,False,False
5087779780565200,0.212879,-0.239799,-0.161526,0.735490,0.676419,0.037721,0.009423,False,False
5087779797331300,0.213269,-0.240472,-0.163045,0.732577,0.679579,0.037415,0.010174,False,False
5087779815436600,0.213269,-0.240472,-0.163045,0.732577,0.679579,0.037415,0.010174,False,False
5087779833285800,0.213193,-0.240295,-0.163236,0.729700,0.682611,0.038252,0.010859,False,False
5087779849478300,0.213193,-0.240295,-0.163236,0.729700,0.682611,0.038252,0.010859,False,False
5087779866391500,0.213940,-0.240726,-0.164557,0.727102,0.685257,0.040167,0.011498,False,False
5087779884324800,0.214390,-0.240936,-0.165205,0.726008,0.686342,0.041308,0.011852,False,False
5087779901332400,0.214856,-0.241125,-0.165780,0.725146,0.687170,0.042549,0.012232,False,False
5087779919459500,0.214551,-0.241555,-0.166406,0.724451,0.687831,0.043599,0.012524,False,False
5087779936743400,0.214619,-0.241767,-0.166884,0.724043,0.688225,0.044148,0.012591,False,False
5087779954461400,0.214791,-0.241903,-0.167326,0.723719,0.688549,0.044396,0.012597,False,False
5087779973430900,0.215016,-0.242026,-0.167772,0.723386,0.688885,0.044591,0.012683,False,False
5087779989611300,0.215266,-0.242149,-0.168195,0.723061,0.689207,0.044833,0.012936,False,False
5087780007474200,0.214796,-0.242653,-0.169144,0.722743,0.689524,0.044962,0.013305,False,False
5087780024826300,0.214788,-0.242898,-0.169733,0.722325,0.689937,0.045205,0.013795,False,False
5087780042403000,0.214894,-0.243062,-0.170200,0.721855,0.690409,0.045345,0.014324,False,False
5087780059306500,0.215010,-0.243207,-0.170618,0.721295,0.690974,0.045474,0.014867,False,False
5087780076892100,0.215094,-0.243339,-0.170978,0.720714,0.691561,0.045586,0.015383,False,False
5087780093983200,0.215095,-0.243450,-0.171258,0.720239,0.692059,0.045421,0.015742,False,False
5087780112198100,0.215064,-0.243550,-0.171461,0.719908,0.692411,0.045205,0.016035,False,False
5087780130317100,0.214298,-0.243586,-0.172042,0.719601,0.692735,0.045003,0.016317,False,False
5087780148201700,0.213810,-0.243698,-0.172454,0.719076,0.693309,0.044574,0.016276,False,False
5087780166001800,0.213651,-0.243697,-0.172491,0.718995,0.693417,0.044296,0.016024,False,False
5087780183664600,0.213524,-0.243642,-0.172454,0.719064,0.693361,0.044116,0.015841,False,False
5087780201361700,0.213410,-0.243548,-0.172369,0.719240,0.693192,0.043925,0.015789,False,False
5087780218669700,0.212498,-0.243820,-0.172654,0.719458,0.692970,0.043746,0.016081,False,False
5087780236416500,0.212094,-0.243791,-0.172692,0.719676,0.692745,0.043604,0.016437,False,False
5087780253780500,0.211852,-0.243631,-0.172651,0.719869,0.692544,0.043479,0.016777,False,False
5087780271594200,0.211683,-0.243410,-0.172599,0.719992,0.692409,0.043471,0.017063,False,False
5087780288840600,0.211584,-0.243171,-0.172568,0.719999,0.692383,0.043707,0.017226,False,False
5087780306658300,0.211552,-0.242937,-0.172552,0.719906,0.692446,0.044226,0.017257,False,False
5087780323478500,0.211945,-0.242921,-0.172800,0.719760,0.692560,0.044855,0.017161,False,False
5087780340506100,0.212104,-0.242752,-0.172870,0.719638,0.692644,0.045594,0.016923,False,False
5087780357464400,0.212187,-0.242525,-0.172866,0.719543,0.692707,0.046264,0.016573,False,False
5087780374955100,0.212256,-0.242277,-0.172831,0.719448,0.692769,0.046930,0.016229,False,False
5087780393105700,0.212310,-0.242017,-0.172774,0.719356,0.692834,0.047482,0.015925,False,False
5087780410415200,0.212364,-0.241752,-0.172689,0.719261,0.692899,0.048024,0.015762,False,False
5087780427974900,0.212641,-0.241590,-0.173158,0.719074,0.693061,0.048467,0.015835,False,False
5087780445058900,0.212720,-0.241360,-0.173239,0.718892,0.693217,0.048879,0.015969,False,False
5087780464488000,0.212728,-0.241095,-0.173193,0.718666,0.693418,0.049272,0.016218,False,False
5087780480554900,0.212582,-0.240490,-0.172924,0.718290,0.693775,0.049564,0.016727,False,False
5087780498721700,0.212582,-0.240490,-0.172924,0.718290,0.693775,0.049564,0.016727,False,False
5087780516901200,0.211794,-0.240062,-0.172661,0.718373,0.693682,0.049407,0.017449,False,False
5087780534210200,0.211473,-0.239804,-0.172466,0.718539,0.693511,0.049268,0.017827,False,False
5087780550885000,0.211473,-0.239804,-0.172466,0.718539,0.693511,0.049268,0.017827,False,False
5087780567672500,0.211116,-0.239230,-0.172058,0.718653,0.693400,0.048956,0.018358,False,False
5087780584668400,0.211015,-0.238971,-0.171908,0.718539,0.693511,0.048928,0.018717,False,False
5087780602733100,0.210922,-0.238730,-0.171795,0.718325,0.693726,0.048839,0.019165,False,False
5087780620044200,0.210759,-0.238539,-0.172039,0.717967,0.694092,0.048673,0.019751,False,False
5087780636784100,0.210619,-0.238348,-0.172120,0.717490,0.694584,0.048496,0.020254,False,False
5087780654631800,0.210489,-0.238162,-0.172165,0.716914,0.695177,0.048331,0.020646,False,False
5087780671357300,0.210360,-0.237975,-0.172189,0.716322,0.695791,0.048177,0.020909,False,False
5087780689648400,0.210227,-0.237787,-0.172191,0.715741,0.696396,0.048003,0.021051,False,False
5087780707455500,0.210101,-0.237602,-0.172154,0.715223,0.696934,0.047890,0.021111,False,False
5087780725520900,0.209829,-0.237179,-0.172125,0.714796,0.697379,0.047749,0.021180,False,False
5087780742327300,0.209672,-0.236905,-0.172004,0.714474,0.697718,0.047646,0.021152,False,False
5087780759925600,0.209566,-0.236679,-0.171829,0.714223,0.697977,0.047630,0.021088,False,False
5087780777977800,0.209493,-0.236488,-0.171616,0.714070,0.698134,0.047654,0.021032,False,False
5087780796227300,0.209468,-0.236327,-0.171386,0.713993,0.698198,0.047824,0.021114,False,False
5087780813180200,0.209460,-0.236178,-0.171137,0.714010,0.698163,0.048014,0.021296,False,False
5087780830081000,0.209088,-0.236010,-0.170825,0.714124,0.698042,0.047961,0.021547,False,False
5087780847518400,0.208855,-0.235706,-0.170327,0.714568,0.697584,0.047760,0.022078,False,False
5087780865481100,0.208833,-0.235585,-0.170173,0.714789,0.697353,0.047705,0.022352,False,False
5087780881716000,0.208848,-0.235506,-0.170101,0.714925,0.697199,0.047783,0.022648,False,False
5087780899954000,0.208869,-0.235458,-0.170115,0.714968,0.697141,0.047860,0.022901,False,False
5087780918091300,0.208338,-0.234944,-0.169970,0.714918,0.697173,0.048005,0.023185,False,False
5087780936469100,0.208166,-0.234779,-0.170064,0.714749,0.697327,0.048196,0.023380,False,False
5087780954452900,0.208087,-0.234757,-0.170285,0.714421,0.697647,0.048393,0.023445,False,False
5087780973132800,0.208023,-0.234800,-0.170575,0.713972,0.698092,0.048642,0.023376,False,False
5087780989790900,0.207921,-0.234863,-0.170892,0.713499,0.698577,0.048729,0.023129,False,False
5087781006675000,0.207807,-0.234931,-0.171202,0.713070,0.699019,0.048807,0.022841,False,False
5087781023361900,0.207798,-0.235064,-0.171656,0.712718,0.699386,0.048778,0.022649,False,False
5087781040295300,0.207684,-0.235155,-0.171938,0.712483,0.699637,0.048737,0.022375,False,False
5087781057222700,0.207560,-0.235235,-0.172135,0.712322,0.699803,0.048825,0.022112,False,False
5087781074675500,0.207423,-0.235311,-0.172282,0.712220,0.699916,0.048852,0.021762,False,False
5087781092521800,0.207300,-0.235385,-0.172387,0.712165,0.699979,0.048914,0.021400,False,False
5087781109468100,0.207195,-0.235459,-0.172457,0.712174,0.699979,0.048944,0.021019,False,False
5087781127835300,0.207019,-0.235194,-0.172186,0.712270,0.699887,0.049039,0.020592,False,False
5087781144306400,0.206971,-0.235150,-0.172123,0.712311,0.699840,0.049276,0.020214,False,False
5087781161259900,0.206942,-0.235188,-0.172120,0.712317,0.699842,0.049357,0.019731,False,False
5087781180145400,0.206978,-0.235326,-0.172103,0.712341,0.699806,0.049761,0.019103,False,False
5087781197060200,0.206978,-0.235326,-0.172103,0.712341,0.699806,0.049761,0.019103,False,False
5087781214825500,0.206994,-0.235415,-0.172078,0.712409,0.699738,0.049843,0.018872,False,False
5087781232312900,0.206676,-0.235846,-0.172119,0.712600,0.699535,0.050026,0.018693,False,False
5087781249205600,0.206615,-0.235977,-0.172152,0.712658,0.699479,0.050024,0.018580,False,False
5087781267327000,0.206540,-0.236099,-0.172229,0.712685,0.699470,0.049837,0.018384,False,False
5087781284048700,0.206469,-0.236215,-0.172346,0.712694,0.699478,0.049662,0.018211,False,False
5087781302150000,0.206390,-0.236322,-0.172484,0.712680,0.699510,0.049482,0.018009,False,False
5087781319338700,0.206093,-0.236362,-0.172576,0.712638,0.699575,0.049243,0.017791,False,False
5087781337320600,0.205936,-0.236456,-0.172712,0.712554,0.699672,0.049158,0.017615,False,False
5087781354994100,0.205811,-0.236577,-0.172867,0.712390,0.699848,0.049100,0.017380,False,False
5087781371614900,0.205695,-0.236710,-0.173018,0.712174,0.700080,0.049024,0.017123,False,False
5087781388548000,0.205603,-0.236849,-0.173164,0.711911,0.700354,0.049003,0.016937,False,False
5087781407791300,0.205521,-0.236983,-0.173290,0.711650,0.700625,0.048945,0.016824,False,False
5087781423153400,0.205299,-0.237155,-0.173298,0.711401,0.700884,0.048848,0.016851,False,False
5087781440220600,0.205203,-0.237286,-0.173311,0.711222,0.701061,0.048885,0.016979,False,False
5087781457832700,0.205161,-0.237403,-0.173281,0.711147,0.701124,0.048983,0.017178,False,False
5087781475471600,0.205158,-0.237512,-0.173201,0.711170,0.701081,0.049180,0.017446,False,False
5087781492432100,0.205174,-0.237616,-0.173086,0.711250,0.700973,0.049450,0.017717,False,False
5087781510638700,0.205171,-0.237720,-0.172952,0.711347,0.700856,0.049662,0.017878,False,False
5087781527984200,0.205004,-0.237656,-0.172711,0.711376,0.700818,0.049783,0.017870,False,False
5087781546700300,0.204893,-0.237708,-0.172567,0.711347,0.700843,0.049901,0.017711,False,False
5087781564342100,0.204702,-0.237888,-0.172399,0.711299,0.700899,0.050026,0.017084,False,False
5087781583341800,0.204613,-0.237993,-0.172342,0.711316,0.700887,0.050069,0.016730,False,False
5087781600184500,0.204549,-0.238114,-0.172294,0.711324,0.700865,0.050343,0.016492,False,False
5087781617253300,0.204080,-0.238198,-0.172231,0.711350,0.700827,0.050567,0.016297,False,False
5087781634127700,0.203846,-0.238317,-0.172194,0.711317,0.700845,0.050841,0.016121,False,False
