timestamp,pos_x,pos_y,pos_z,quat_w,quat_x,quat_y,quat_z,button,toggle
4744185950827500,0.000000,0.000000,0.000000,0.999959,-0.003370,0.002337,0.008058,False,False
4744185970857600,0.000000,0.000000,0.000000,0.999961,-0.001690,0.003648,0.007849,False,False
4744185992494000,0.000000,0.000000,0.000000,0.999961,-0.001690,0.003648,0.007849,False,False
4744186014072300,0.000000,0.000000,0.000000,0.999961,0.000433,0.005068,0.007266,False,False
4744186035302100,0.000000,0.000000,0.000000,0.999961,0.000433,0.005068,0.007266,False,False
4744186055772100,0.000000,0.000000,0.000000,0.999955,0.001502,0.005624,0.007498,False,False
4744186076389700,0.000000,0.000000,0.000000,0.999955,0.001502,0.005624,0.007498,False,False
4744186096684100,0.000000,0.000000,0.000000,0.999955,0.001502,0.005624,0.007498,False,False
4744186116872600,0.000000,0.000000,0.000000,0.999955,0.001883,0.006141,0.006913,False,False
4744186137075400,0.000000,0.000000,0.000000,0.999961,0.001068,0.006157,0.006260,False,False
4744186158096800,0.000000,0.000000,0.000000,0.999963,-0.000168,0.005801,0.006394,False,False
4744186178964900,0.000000,0.000000,0.000000,0.999966,-0.001487,0.004784,0.006469,False,False
4744186199200100,0.000000,0.000000,0.000000,0.999966,-0.001487,0.004784,0.006469,False,False
4744186220105700,0.000000,0.000000,0.000000,0.999972,-0.002689,0.003138,0.006164,False,False
4744186240253600,0.000000,0.000000,0.000000,0.999972,-0.002689,0.003138,0.006164,False,False
4744186260680800,0.000000,0.000000,0.000000,0.999974,-0.002700,0.002734,0.006115,False,False
4744186282166400,0.000000,0.000000,0.000000,0.999975,-0.002254,0.002214,0.006284,False,False
4744186302876900,0.000000,0.000000,0.000000,0.999975,-0.002254,0.002214,0.006284,False,False
4744186323784200,0.000000,0.000000,0.000000,0.999975,-0.001281,0.001611,0.006789,False,False
4744186344115200,0.000000,0.000000,0.000000,0.999975,-0.001281,0.001611,0.006789,False,False
4744186365445800,0.000000,0.000000,-0.000000,0.999505,-0.023118,-0.018039,0.011404,False,False
4744186386476300,-0.003278,0.003716,0.001376,0.999514,-0.022720,-0.018023,0.011425,False,False
4744186407393400,-0.003278,0.003716,0.001376,0.999514,-0.022720,-0.018023,0.011425,False,False
4744186427431500,-0.006854,0.007949,0.002648,0.999515,-0.022869,-0.017643,0.011673,False,False
4744186448756000,-0.006854,0.007949,0.002648,0.999515,-0.022869,-0.017643,0.011673,False,False
4744186468874800,-0.007307,-0.000739,-0.006563,0.999749,-0.018271,-0.007260,0.010766,False,False
4744186490187600,-0.007477,-0.008431,-0.013915,0.999817,-0.014186,-0.004494,0.012053,False,False
4744186510951000,-0.009604,-0.007997,-0.014474,0.999786,-0.015451,-0.004043,0.013157,False,False
4744186531467100,-0.009604,-0.007997,-0.014474,0.999786,-0.015451,-0.004043,0.013157,False,False
4744186552213200,-0.011256,-0.002278,-0.013496,0.999822,-0.014778,-0.004344,0.010934,False,False
4744186572319700,-0.013892,0.000016,-0.013071,0.999797,-0.015301,-0.004410,0.012338,False,False
4744186593723100,-0.013892,0.000016,-0.013071,0.999797,-0.015301,-0.004410,0.012338,False,False
4744186614816600,-0.016966,0.001816,-0.012643,0.999788,-0.014595,-0.004887,0.013712,False,False
4744186636230100,-0.014273,0.000102,-0.012203,0.999897,-0.009869,-0.005341,0.008917,False,False
4744186656809500,-0.014273,0.000102,-0.012203,0.999897,-0.009869,-0.005341,0.008917,False,False
4744186677877700,-0.011992,-0.001382,-0.011683,0.999925,-0.007202,-0.003360,0.009362,False,False
4744186698739800,-0.011992,-0.001382,-0.011683,0.999925,-0.007202,-0.003360,0.009362,False,False
4744186719511100,-0.013804,-0.000940,-0.011488,0.999931,-0.005454,-0.003360,0.009868,False,False
4744186740898600,-0.008620,-0.006769,-0.012012,0.999976,-0.002203,-0.004704,0.004585,False,False
4744186761022400,-0.008620,-0.006769,-0.012012,0.999976,-0.002203,-0.004704,0.004585,False,False
4744186781237000,-0.004340,-0.011654,-0.012265,0.999984,-0.000654,-0.003011,0.004664,False,False
4744186801831200,-0.004340,-0.011654,-0.012265,0.999984,-0.000654,-0.003011,0.004664,False,False
4744186822602700,-0.004796,-0.012573,-0.012253,0.999981,-0.000961,-0.003227,0.005096,False,False
4744186843310000,-0.004318,-0.012404,-0.011743,0.999948,-0.000007,-0.006168,0.008063,False,False
4744186864845500,-0.004318,-0.012404,-0.011743,0.999948,-0.000007,-0.006168,0.008063,False,False
4744186885786400,-0.003707,-0.012031,-0.011191,0.999953,-0.001967,-0.005676,0.007599,False,False
4744186906451200,-0.003537,-0.011663,-0.010307,0.999947,-0.004390,-0.005226,0.007668,False,False
4744186927672100,-0.003537,-0.011663,-0.010307,0.999947,-0.004390,-0.005226,0.007668,False,False
4744186948695100,-0.002230,-0.009830,-0.008945,0.999873,-0.005679,-0.006503,0.013427,False,False
4744186969580700,-0.001254,-0.008345,-0.007233,0.999837,-0.007150,-0.008438,0.014249,False,False
4744186990580900,-0.001254,-0.008345,-0.007233,0.999837,-0.007150,-0.008438,0.014249,False,False
4744187010856200,-0.001600,-0.008027,-0.005524,0.999805,-0.007268,-0.010017,0.015398,False,False
4744187030855800,-0.001600,-0.008027,-0.005524,0.999805,-0.007268,-0.010017,0.015398,False,False
4744187051264200,0.000830,-0.005560,-0.006102,0.999808,-0.006343,-0.008677,0.016364,False,False
4744187072166400,0.002505,-0.003942,-0.006272,0.999808,-0.004778,-0.009335,0.016560,False,False
4744187092749400,0.002505,-0.003942,-0.006272,0.999808,-0.004778,-0.009335,0.016560,False,False
4744187113959500,0.002470,-0.004243,-0.005346,0.999808,-0.002633,-0.010537,0.016317,False,False
4744187135086500,0.002470,-0.004243,-0.005346,0.999808,-0.002633,-0.010537,0.016317,False,False
4744187156444300,0.002929,-0.004600,-0.005077,0.999826,-0.002199,-0.008680,0.016349,False,False
4744187176492000,0.003137,-0.005145,-0.005047,0.999843,-0.000042,-0.009170,0.015162,False,False
4744187196575300,0.003137,-0.005145,-0.005047,0.999843,-0.000042,-0.009170,0.015162,False,False
4744187217297200,0.003415,-0.005761,-0.004743,0.999868,0.001408,-0.008546,0.013777,False,False
4744187238506700,0.003539,-0.005386,-0.004891,0.999859,0.000766,-0.008570,0.014440,False,False
4744187259983300,0.003539,-0.005386,-0.004891,0.999859,0.000766,-0.008570,0.014440,False,False
4744187281217300,0.003641,-0.004868,-0.005255,0.999849,-0.000417,-0.009092,0.014832,False,False
4744187301617900,0.003641,-0.004868,-0.005255,0.999849,-0.000417,-0.009092,0.014832,False,False
4744187322703000,0.003730,-0.004517,-0.005399,0.999842,-0.002310,-0.008400,0.015478,False,False
4744187343338100,0.003730,-0.004517,-0.005399,0.999842,-0.002310,-0.008400,0.015478,False,False
4744187363747500,0.003826,-0.003967,-0.005885,0.999799,-0.005277,-0.007616,0.017767,False,False
4744187384144100,0.004111,-0.003629,-0.006370,0.999799,-0.006988,-0.006755,0.017504,False,False
4744187404192800,0.004111,-0.003629,-0.006370,0.999799,-0.006988,-0.006755,0.017504,False,False
4744187424530700,0.004131,-0.003719,-0.006745,0.999804,-0.007715,-0.006423,0.017067,False,False
4744187445357200,0.004299,-0.003930,-0.007097,0.999798,-0.007720,-0.005734,0.017643,False,False
4744187465152500,0.004299,-0.003930,-0.007097,0.999798,-0.007720,-0.005734,0.017643,False,False
4744187485419900,0.004526,-0.004371,-0.007365,0.999826,-0.006403,-0.005471,0.016633,False,False
4744187506874200,0.004526,-0.004371,-0.007365,0.999826,-0.006403,-0.005471,0.016633,False,False
4744187527721600,0.004759,-0.004943,-0.007575,0.999846,-0.004957,-0.005216,0.016029,False,False
4744187549133200,0.005189,-0.005076,-0.007741,0.999847,-0.004308,-0.005161,0.016143,False,False
4744187570181900,0.005189,-0.005076,-0.007741,0.999847,-0.004308,-0.005161,0.016143,False,False
4744187591576700,0.005644,-0.005087,-0.008136,0.999859,-0.003831,-0.004895,0.015602,False,False
4744187612988900,0.006277,-0.005150,-0.008663,0.999866,-0.004232,-0.003787,0.015345,False,False
4744187634088800,0.006277,-0.005150,-0.008663,0.999866,-0.004232,-0.003787,0.015345,False,False
4744187654497100,0.006939,-0.005098,-0.009157,0.999857,-0.005894,-0.003386,0.015471,False,False
4744187674705600,0.008174,-0.004671,-0.009266,0.999845,-0.008339,-0.002313,0.015310,False,False
4744187694887900,0.008174,-0.004671,-0.009266,0.999845,-0.008339,-0.002313,0.015310,False,False
4744187716214100,0.009471,-0.003902,-0.008683,0.999800,-0.011387,-0.002263,0.016286,False,False
4744187736542600,0.009471,-0.003902,-0.008683,0.999800,-0.011387,-0.002263,0.016286,False,False
4744187757797400,0.010714,-0.003048,-0.007940,0.999736,-0.014517,-0.003684,0.017403,False,False
4744187779191000,0.012289,-0.002483,-0.006768,0.999694,-0.016983,-0.004595,0.017376,False,False
4744187799369200,0.012289,-0.002483,-0.006768,0.999694,-0.016983,-0.004595,0.017376,False,False
4744187820477000,0.013977,-0.002266,-0.005236,0.999662,-0.018762,-0.005242,0.017208,False,False
4744187841151800,0.015706,-0.002187,-0.003785,0.999621,-0.020669,-0.005806,0.017215,False,False
4744187861474300,0.015706,-0.002187,-0.003785,0.999621,-0.020669,-0.005806,0.017215,False,False
4744187882349300,0.017649,-0.002178,-0.002453,0.999578,-0.022654,-0.007084,0.016725,False,False
4744187903489600,0.020132,-0.002228,-0.001148,0.999545,-0.024561,-0.007646,0.015749,False,False
4744187924142600,0.020132,-0.002228,-0.001148,0.999545,-0.024561,-0.007646,0.015749,False,False
4744187944302000,0.022838,-0.002479,0.000046,0.999496,-0.026528,-0.008146,0.015382,False,False
4744187964300600,0.022838,-0.002479,0.000046,0.999496,-0.026528,-0.008146,0.015382,False,False
4744187984877400,0.025899,-0.002606,0.001207,0.999447,-0.028469,-0.007821,0.015312,False,False
4744188005512000,0.029017,-0.002513,0.002083,0.999394,-0.030274,-0.007871,0.015259,False,False
4744188026913100,0.029017,-0.002513,0.002083,0.999394,-0.030274,-0.007871,0.015259,False,False
4744188047361100,0.032862,-0.002357,0.002263,0.999345,-0.031608,-0.007150,0.016105,False,False
4744188067937100,0.032862,-0.002357,0.002263,0.999345,-0.031608,-0.007150,0.016105,False,False
4744188088250500,0.036861,-0.002333,0.002322,0.999324,-0.032216,-0.005599,0.016791,False,False
4744188108622800,0.040756,-0.002492,0.002358,0.999311,-0.032076,-0.004261,0.018166,False,False
4744188129023300,0.040756,-0.002492,0.002358,0.999311,-0.032076,-0.004261,0.018166,False,False
4744188149468600,0.045134,-0.002437,0.001961,0.999284,-0.031811,-0.003101,0.020220,False,False
4744188169900700,0.045134,-0.002437,0.001961,0.999284,-0.031811,-0.003101,0.020220,False,False
4744188190516400,0.049689,-0.002106,0.001179,0.999209,-0.033271,-0.001108,0.021734,False,False
4744188211386000,0.054357,-0.001565,0.000120,0.999067,-0.036417,0.002227,0.023125,False,False
4744188232493900,0.054357,-0.001565,0.000120,0.999067,-0.036417,0.002227,0.023125,False,False
4744188253359100,0.058974,-0.000801,-0.001435,0.998874,-0.040213,0.005065,0.024652,False,False
4744188273910800,0.063240,-0.000366,-0.003257,0.998676,-0.043707,0.006726,0.026277,False,False
4744188295087600,0.063240,-0.000366,-0.003257,0.998676,-0.043707,0.006726,0.026277,False,False
4744188315178300,0.067765,-0.000311,-0.004989,0.998510,-0.046545,0.009596,0.026809,False,False
4744188336065100,0.067765,-0.000311,-0.004989,0.998510,-0.046545,0.009596,0.026809,False,False
4744188357508000,0.072008,-0.000472,-0.007065,0.998357,-0.049007,0.011916,0.027190,False,False
4744188377832800,0.076496,-0.001036,-0.009087,0.998238,-0.050644,0.014967,0.027063,False,False
4744188398645900,0.076496,-0.001036,-0.009087,0.998238,-0.050644,0.014967,0.027063,False,False
4744188419962000,0.081046,-0.002145,-0.010955,0.998200,-0.050882,0.017531,0.026482,False,False
4744188440480700,0.085399,-0.003603,-0.012634,0.998235,-0.049902,0.019773,0.025404,False,False
4744188460621700,0.085399,-0.003603,-0.012634,0.998235,-0.049902,0.019773,0.025404,False,False
4744188481859100,0.089814,-0.005340,-0.014263,0.998328,-0.047750,0.022182,0.023845,False,False
4744188502852100,0.089814,-0.005340,-0.014263,0.998328,-0.047750,0.022182,0.023845,False,False
4744188523847100,0.094589,-0.007261,-0.015924,0.998429,-0.045026,0.024864,0.022212,False,False
4744188544776500,0.099325,-0.009024,-0.017512,0.998500,-0.042523,0.027474,0.020856,False,False
4744188565141200,0.099325,-0.009024,-0.017512,0.998500,-0.042523,0.027474,0.020856,False,False
4744188585447100,0.103558,-0.010620,-0.019029,0.998583,-0.040019,0.028813,0.020004,False,False
4744188605809000,0.108023,-0.012005,-0.020513,0.998614,-0.038193,0.030941,0.018824,False,False
4744188626382600,0.108023,-0.012005,-0.020513,0.998614,-0.038193,0.030941,0.018824,False,False
4744188646859600,0.112062,-0.013079,-0.022002,0.998559,-0.037822,0.033425,0.018209,False,False
4744188667941400,0.112062,-0.013079,-0.022002,0.998559,-0.037822,0.033425,0.018209,False,False
4744188688996200,0.115809,-0.013646,-0.023731,0.998429,-0.038801,0.035969,0.018435,False,False
4744188709243600,0.119656,-0.013674,-0.025500,0.998190,-0.041146,0.039194,0.019690,False,False
4744188729451100,0.119656,-0.013674,-0.025500,0.998190,-0.041146,0.039194,0.019690,False,False
4744188749766000,0.123562,-0.013131,-0.027607,0.997917,-0.044456,0.041345,0.021829,False,False
4744188770974700,0.123562,-0.013131,-0.027607,0.997917,-0.044456,0.041345,0.021829,False,False
4744188792334000,0.127125,-0.012693,-0.029729,0.997609,-0.047694,0.043928,0.023897,False,False
4744188813373800,0.130301,-0.012527,-0.031849,0.997307,-0.050837,0.046757,0.024651,False,False
4744188834657900,0.133184,-0.012261,-0.034146,0.997061,-0.053392,0.049327,0.024206,False,False
4744188855599700,0.133184,-0.012261,-0.034146,0.997061,-0.053392,0.049327,0.024206,False,False
4744188876723100,0.135855,-0.012301,-0.036258,0.996890,-0.054818,0.051568,0.023385,False,False
4744188897804200,0.135855,-0.012301,-0.036258,0.996890,-0.054818,0.051568,0.023385,False,False
4744188918923200,0.138213,-0.012675,-0.038158,0.996831,-0.054989,0.053115,0.021980,False,False
4744188940174400,0.140142,-0.013263,-0.039972,0.996817,-0.053789,0.055121,0.020588,False,False
4744188961558000,0.140142,-0.013263,-0.039972,0.996817,-0.053789,0.055121,0.020588,False,False
4744188981677400,0.142050,-0.013682,-0.041531,0.996809,-0.051946,0.057354,0.019601,False,False
4744189002192000,0.142050,-0.013682,-0.041531,0.996809,-0.051946,0.057354,0.019601,False,False
4744189022822200,0.143730,-0.013856,-0.042762,0.996834,-0.049902,0.058624,0.019888,False,False
4744189044308000,0.143730,-0.013856,-0.042762,0.996834,-0.049902,0.058624,0.019888,False,False
4744189065493500,0.144998,-0.013684,-0.044260,0.996869,-0.048282,0.059242,0.020283,False,False
4744189085700800,0.146115,-0.013258,-0.045538,0.996865,-0.047423,0.059832,0.020773,False,False
4744189107233300,0.146997,-0.012710,-0.046663,0.996828,-0.047667,0.059840,0.021909,False,False
4744189128629600,0.146997,-0.012710,-0.046663,0.996828,-0.047667,0.059840,0.021909,False,False
4744189148878400,0.144822,-0.012110,-0.046943,0.996724,-0.048620,0.060724,0.022147,False,False
4744189169206800,0.144822,-0.012110,-0.046943,0.996724,-0.048620,0.060724,0.022147,False,False
4744189189884700,0.143791,-0.011658,-0.047533,0.996583,-0.050291,0.062047,0.021067,False,False
4744189210076000,0.144223,-0.011379,-0.048572,0.996434,-0.052239,0.062946,0.020679,False,False
4744189231355400,0.144223,-0.011379,-0.048572,0.996434,-0.052239,0.062946,0.020679,False,False
4744189252114400,0.143504,-0.011520,-0.049098,0.996291,-0.053709,0.064005,0.020554,False,False
4744189273521200,0.143309,-0.011916,-0.049482,0.996227,-0.054683,0.064631,0.019064,False,False
4744189295107300,0.143309,-0.011916,-0.049482,0.996227,-0.054683,0.064631,0.019064,False,False
4744189315842700,0.143548,-0.012589,-0.049877,0.996258,-0.055015,0.064371,0.017302,False,False
4744189336757400,0.142338,-0.014175,-0.049859,0.996360,-0.054422,0.063877,0.015018,False,False
4744189357498700,0.142338,-0.014175,-0.049859,0.996360,-0.054422,0.063877,0.015018,False,False
4744189378428100,0.141648,-0.015750,-0.050042,0.996469,-0.052968,0.063876,0.012829,False,False
4744189399435800,0.141648,-0.015750,-0.050042,0.996469,-0.052968,0.063876,0.012829,False,False
4744189420316900,0.141741,-0.017054,-0.050465,0.996567,-0.050997,0.064309,0.010885,False,False
4744189440376400,0.141736,-0.018043,-0.051253,0.996674,-0.048852,0.064551,0.009303,False,False
4744189461172500,0.141736,-0.018043,-0.051253,0.996674,-0.048852,0.064551,0.009303,False,False
4744189482030100,0.141811,-0.019018,-0.052035,0.996782,-0.046783,0.064621,0.007779,False,False
4744189502373200,0.141811,-0.019018,-0.052035,0.996782,-0.046783,0.064621,0.007779,False,False
4744189522777500,0.141787,-0.020044,-0.052603,0.996882,-0.044978,0.064549,0.006077,False,False
4744189543789400,0.141787,-0.020044,-0.052603,0.996882,-0.044978,0.064549,0.006077,False,False
4744189564688900,0.141787,-0.020044,-0.052603,0.996882,-0.044978,0.064549,0.006077,False,False
4744189584951400,0.141147,-0.020582,-0.052910,0.996895,-0.044231,0.065013,0.004060,False,False
4744189606371800,0.140307,-0.020836,-0.053203,0.996951,-0.044741,0.063873,0.002800,False,False
4744189627014600,0.140307,-0.020836,-0.053203,0.996951,-0.044741,0.063873,0.002800,False,False
4744189646990500,0.139176,-0.020720,-0.053770,0.996972,-0.047375,0.061655,0.001020,False,False
4744189668595700,0.138628,-0.020468,-0.054128,0.996922,-0.048564,0.061548,0.000628,False,False
4744189688510000,0.138628,-0.020468,-0.054128,0.996922,-0.048564,0.061548,0.000628,False,False
4744189708830100,0.138628,-0.020468,-0.054128,0.996922,-0.048564,0.061548,0.000628,False,False
4744189729017200,0.137993,-0.020311,-0.054608,0.996887,-0.049689,0.061196,0.001395,False,False
4744189750083800,0.137993,-0.020311,-0.054608,0.996887,-0.049689,0.061196,0.001395,False,False
4744189770911900,0.137993,-0.020311,-0.054608,0.996887,-0.049689,0.061196,0.001395,False,False
4744189791416600,0.137586,-0.020204,-0.055520,0.996830,-0.051255,0.060826,0.001774,False,False
4744189811887000,0.137213,-0.019746,-0.056019,0.996774,-0.053543,0.059767,0.001634,False,False
4744189832897800,0.137213,-0.019746,-0.056019,0.996774,-0.053543,0.059767,0.001634,False,False
4744189854329800,0.136324,-0.018594,-0.057105,0.996682,-0.058683,0.056377,0.001368,False,False
4744189875599300,0.135904,-0.018132,-0.057663,0.996599,-0.060825,0.055578,0.001053,False,False
4744189896865300,0.135904,-0.018132,-0.057663,0.996599,-0.060825,0.055578,0.001053,False,False
4744189917630100,0.135467,-0.017749,-0.057750,0.996506,-0.062579,0.055300,0.000970,False,False
4744189938480700,0.135467,-0.017749,-0.057750,0.996506,-0.062579,0.055300,0.000970,False,False
4744189959311200,0.135467,-0.017749,-0.057750,0.996506,-0.062579,0.055300,0.000970,False,False
4744189979885100,0.135085,-0.017641,-0.057781,0.996459,-0.063626,0.054967,0.000743,False,False
4744190001440300,0.135085,-0.017641,-0.057781,0.996459,-0.063626,0.054967,0.000743,False,False
4744190022670200,0.134608,-0.017740,-0.057324,0.996478,-0.063927,0.054269,-0.000091,False,False
4744190042557100,0.133537,-0.018574,-0.054762,0.996702,-0.062410,0.051656,-0.004592,False,False
4744190063367600,0.133537,-0.018574,-0.054762,0.996702,-0.062410,0.051656,-0.004592,False,False
4744190084337600,0.132796,-0.019232,-0.052463,0.996906,-0.060854,0.049246,-0.007101,False,False
4744190104632600,0.132135,-0.020048,-0.049381,0.997133,-0.058836,0.046640,-0.009387,False,False
4744190126053800,0.132135,-0.020048,-0.049381,0.997133,-0.058836,0.046640,-0.009387,False,False
4744190146842300,0.131502,-0.020906,-0.045860,0.997372,-0.056286,0.044042,-0.011919,False,False
4744190167370400,0.131502,-0.020906,-0.045860,0.997372,-0.056286,0.044042,-0.011919,False,False
4744190189008400,0.130616,-0.021975,-0.041680,0.997660,-0.053386,0.040120,-0.014645,False,False
4744190209421700,0.129659,-0.023282,-0.036849,0.997947,-0.050299,0.035915,-0.016793,False,False
4744190229968500,0.129659,-0.023282,-0.036849,0.997947,-0.050299,0.035915,-0.016793,False,False
4744190251663000,0.128721,-0.024506,-0.031494,0.998183,-0.047189,0.032531,-0.018570,False,False
4744190272380000,0.127615,-0.025670,-0.025770,0.998397,-0.044181,0.028599,-0.020840,False,False
4744190293856300,0.127615,-0.025670,-0.025770,0.998397,-0.044181,0.028599,-0.020840,False,False
4744190315274700,0.127615,-0.025670,-0.025770,0.998397,-0.044181,0.028599,-0.020840,False,False
4744190335915800,0.124714,-0.028031,-0.013963,0.998727,-0.039501,0.019794,-0.024338,False,False
4744190356929200,0.124714,-0.028031,-0.013963,0.998727,-0.039501,0.019794,-0.024338,False,False
4744190377927800,0.123022,-0.029070,-0.008128,0.998827,-0.037851,0.016057,-0.025562,False,False
4744190398086900,0.123022,-0.029070,-0.008128,0.998827,-0.037851,0.016057,-0.025562,False,False
4744190419234000,0.121259,-0.030084,-0.002405,0.998894,-0.036531,0.012576,-0.026784,False,False
4744190440345800,0.119605,-0.030873,0.002197,0.998954,-0.035193,0.009156,-0.027739,False,False
4744190460741300,0.119605,-0.030873,0.002197,0.998954,-0.035193,0.009156,-0.027739,False,False
4744190480846600,0.117806,-0.031777,0.006767,0.998998,-0.033743,0.006656,-0.028620,False,False
4744190501077900,0.117806,-0.031777,0.006767,0.998998,-0.033743,0.006656,-0.028620,False,False
4744190521391800,0.115777,-0.032952,0.011524,0.999047,-0.031766,0.004255,-0.029636,False,False
4744190542334500,0.115777,-0.032952,0.011524,0.999047,-0.031766,0.004255,-0.029636,False,False
4744190562783300,0.115777,-0.032952,0.011524,0.999047,-0.031766,0.004255,-0.029636,False,False
4744190583274500,0.114124,-0.033907,0.014974,0.999103,-0.029009,0.001081,-0.030820,False,False
4744190604498300,0.112066,-0.034907,0.018588,0.999120,-0.026558,-0.002871,-0.032346,False,False
4744190625288600,0.112066,-0.034907,0.018588,0.999120,-0.026558,-0.002871,-0.032346,False,False
4744190645838800,0.112066,-0.034907,0.018588,0.999120,-0.026558,-0.002871,-0.032346,False,False
4744190667455500,0.107784,-0.037045,0.026113,0.999130,-0.022394,-0.009659,-0.033825,False,False
4744190687882400,0.106019,-0.037855,0.029402,0.999088,-0.021297,-0.012267,-0.034917,False,False
4744190708682500,0.103914,-0.038512,0.032458,0.999029,-0.020774,-0.015830,-0.035482,False,False
4744190729341400,0.103914,-0.038512,0.032458,0.999029,-0.020774,-0.015830,-0.035482,False,False
4744190749761300,0.101800,-0.039070,0.034757,0.998980,-0.020281,-0.019494,-0.035311,False,False
4744190770766900,0.101800,-0.039070,0.034757,0.998980,-0.020281,-0.019494,-0.035311,False,False
4744190791560000,0.099851,-0.039619,0.036754,0.998896,-0.020044,-0.022365,-0.036125,False,False
4744190811590200,0.098235,-0.040133,0.038540,0.998820,-0.019756,-0.023971,-0.037331,False,False
4744190831705100,0.098235,-0.040133,0.038540,0.998820,-0.019756,-0.023971,-0.037331,False,False
4744190852222600,0.096916,-0.040378,0.039818,0.998770,-0.019298,-0.025011,-0.038217,False,False
4744190872807200,0.095768,-0.040387,0.040681,0.998723,-0.019282,-0.025990,-0.038796,False,False
4744190892875800,0.095768,-0.040387,0.040681,0.998723,-0.019282,-0.025990,-0.038796,False,False
4744190914502300,0.094802,-0.040242,0.041178,0.998703,-0.019420,-0.026895,-0.038626,False,False
4744190935686100,0.094802,-0.040242,0.041178,0.998703,-0.019420,-0.026895,-0.038626,False,False
4744190956805800,0.094802,-0.040242,0.041178,0.998703,-0.019420,-0.026895,-0.038626,False,False
4744190978173100,0.093385,-0.040244,0.041858,0.998692,-0.019721,-0.027452,-0.038370,False,False
4744190999182500,0.093385,-0.040244,0.041858,0.998692,-0.019721,-0.027452,-0.038370,False,False
4744191019168000,0.092301,-0.039984,0.042087,0.998683,-0.020411,-0.027454,-0.038231,False,False
4744191039843900,0.091502,-0.039554,0.041735,0.998678,-0.021267,-0.027600,-0.037781,False,False
4744191059846700,0.090420,-0.039184,0.041652,0.998652,-0.022323,-0.028131,-0.037472,False,False
4744191081048500,0.089551,-0.038692,0.041208,0.998632,-0.023624,-0.028023,-0.037287,False,False
4744191101920400,0.089551,-0.038692,0.041208,0.998632,-0.023624,-0.028023,-0.037287,False,False
4744191123309800,0.089104,-0.038204,0.040403,0.998662,-0.024771,-0.026928,-0.036549,False,False
4744191143582900,0.088389,-0.038109,0.039677,0.998681,-0.025734,-0.026098,-0.035950,False,False
4744191165313200,0.088389,-0.038109,0.039677,0.998681,-0.025734,-0.026098,-0.035950,False,False
4744191186203200,0.087738,-0.037789,0.039018,0.998652,-0.027085,-0.026048,-0.035813,False,False
4744191207407900,0.087262,-0.037156,0.038457,0.998618,-0.028644,-0.026295,-0.035352,False,False
4744191228028600,0.087262,-0.037156,0.038457,0.998618,-0.028644,-0.026295,-0.035352,False,False
4744191248252800,0.086836,-0.037193,0.038346,0.998634,-0.029579,-0.025659,-0.034591,False,False
4744191269881800,0.086836,-0.037193,0.038346,0.998634,-0.029579,-0.025659,-0.034591,False,False
4744191291082400,0.086558,-0.037165,0.038083,0.998646,-0.030208,-0.024949,-0.034228,False,False
4744191311829500,0.086326,-0.036930,0.037522,0.998649,-0.030329,-0.025042,-0.033950,False,False
4744191333078400,0.086326,-0.036930,0.037522,0.998649,-0.030329,-0.025042,-0.033950,False,False
4744191353314000,0.086216,-0.036930,0.037448,0.998660,-0.029911,-0.025247,-0.033840,False,False
4744191373566000,0.086489,-0.036779,0.037030,0.998688,-0.029744,-0.024418,-0.033777,False,False
4744191394698500,0.086489,-0.036779,0.037030,0.998688,-0.029744,-0.024418,-0.033777,False,False
4744191415566200,0.086879,-0.036366,0.036182,0.998735,-0.029708,-0.023395,-0.033128,False,False
4744191436113800,0.086879,-0.036366,0.036182,0.998735,-0.029708,-0.023395,-0.033128,False,False
4744191456905100,0.087295,-0.035880,0.035218,0.998781,-0.029555,-0.022802,-0.032305,False,False
4744191477813500,0.086964,-0.035487,0.034177,0.998799,-0.029890,-0.022358,-0.031745,False,False
4744191498620400,0.086964,-0.035487,0.034177,0.998799,-0.029890,-0.022358,-0.031745,False,False
4744191518845600,0.087025,-0.034964,0.033129,0.998836,-0.030120,-0.021675,-0.030823,False,False
4744191539952600,0.087152,-0.034841,0.032276,0.998893,-0.030093,-0.020676,-0.029649,False,False
4744191560507400,0.087152,-0.034841,0.032276,0.998893,-0.030093,-0.020676,-0.029649,False,False
4744191581978700,0.087617,-0.034499,0.031311,0.998935,-0.030159,-0.019466,-0.028972,False,False
4744191602853900,0.087617,-0.034499,0.031311,0.998935,-0.030159,-0.019466,-0.028972,False,False
4744191624308300,0.088262,-0.033887,0.030178,0.998964,-0.030299,-0.018642,-0.028390,False,False
4744191644900300,0.088290,-0.033839,0.029208,0.998993,-0.030440,-0.018128,-0.027517,False,False
4744191666322800,0.088290,-0.033839,0.029208,0.998993,-0.030440,-0.018128,-0.027517,False,False
4744191688206300,0.088671,-0.033532,0.028016,0.999008,-0.030817,-0.017574,-0.026923,False,False
4744191708799200,0.089436,-0.032966,0.026533,0.999028,-0.031289,-0.016942,-0.026033,False,False
4744191728793000,0.089436,-0.032966,0.026533,0.999028,-0.031289,-0.016942,-0.026033,False,False
4744191749257100,0.089817,-0.032431,0.024482,0.999057,-0.031662,-0.015987,-0.025022,False,False
4744191771302500,0.089817,-0.032431,0.024482,0.999057,-0.031662,-0.015987,-0.025022,False,False
4744191792625300,0.090770,-0.031985,0.022399,0.999086,-0.032100,-0.013981,-0.024527,False,False
4744191812880000,0.092119,-0.031597,0.020374,0.999103,-0.032655,-0.011788,-0.024258,False,False
4744191833791400,0.092119,-0.031597,0.020374,0.999103,-0.032655,-0.011788,-0.024258,False,False
4744191854666200,0.093067,-0.031554,0.017869,0.999113,-0.033322,-0.010450,-0.023535,False,False
4744191875862300,0.094240,-0.031531,0.015637,0.999132,-0.033674,-0.008896,-0.022838,False,False
4744191895904700,0.094240,-0.031531,0.015637,0.999132,-0.033674,-0.008896,-0.022838,False,False
4744191917508900,0.095669,-0.031422,0.013759,0.999155,-0.033659,-0.007203,-0.022441,False,False
4744191938562500,0.097032,-0.031497,0.011702,0.999186,-0.033428,-0.005718,-0.021861,False,False
4744191960293000,0.097032,-0.031497,0.011702,0.999186,-0.033428,-0.005718,-0.021861,False,False
4744191981551200,0.098320,-0.031466,0.010051,0.999210,-0.033230,-0.004286,-0.021361,False,False
4744192002926500,0.099373,-0.031244,0.008744,0.999219,-0.033236,-0.003620,-0.021080,False,False
4744192023725900,0.099373,-0.031244,0.008744,0.999219,-0.033236,-0.003620,-0.021080,False,False
4744192043593400,0.099835,-0.031696,0.007819,0.999214,-0.033578,-0.003442,-0.020784,False,False
4744192063982300,0.099835,-0.031696,0.007819,0.999214,-0.033578,-0.003442,-0.020784,False,False
4744192084111800,0.100382,-0.031716,0.006889,0.999199,-0.034189,-0.003471,-0.020511,False,False
4744192105365400,0.101205,-0.031340,0.005993,0.999205,-0.034758,-0.002793,-0.019337,False,False
4744192126066400,0.101205,-0.031340,0.005993,0.999205,-0.034758,-0.002793,-0.019337,False,False
4744192147567500,0.101205,-0.031340,0.005993,0.999205,-0.034758,-0.002793,-0.019337,False,False
4744192168645000,0.101205,-0.031340,0.005993,0.999205,-0.034758,-0.002793,-0.019337,False,False
4744192189897800,0.101205,-0.031340,0.005993,0.999205,-0.034758,-0.002793,-0.019337,False,False
4744192211014400,0.101205,-0.031340,0.005993,0.999205,-0.034758,-0.002793,-0.019337,False,False
4744192232137900,0.103266,-0.031117,0.004792,0.999234,-0.035011,0.000130,-0.017493,False,False
4744192252976900,0.104463,-0.031053,0.004142,0.999285,-0.033702,0.000344,-0.017115,False,False
4744192273985300,0.105034,-0.031032,0.003998,0.999324,-0.032688,0.000651,-0.016816,False,False
4744192294951500,0.105034,-0.031032,0.003998,0.999324,-0.032688,0.000651,-0.016816,False,False
4744192316247700,0.105384,-0.030967,0.003820,0.999365,-0.031703,0.000671,-0.016247,False,False
4744192337874100,0.105285,-0.031050,0.004032,0.999387,-0.031020,0.000733,-0.016228,False,False
4744192359365000,0.105285,-0.031050,0.004032,0.999387,-0.031020,0.000733,-0.016228,False,False
4744192380163400,0.105322,-0.030943,0.004050,0.999398,-0.030557,0.000890,-0.016395,False,False
4744192401389100,0.105322,-0.030943,0.004050,0.999398,-0.030557,0.000890,-0.016395,False,False
4744192422494500,0.105489,-0.030617,0.003775,0.999402,-0.030550,0.001127,-0.016160,False,False
4744192442747600,0.105597,-0.030439,0.003349,0.999391,-0.031146,0.001424,-0.015656,False,False
