timestamp,pos_x,pos_y,pos_z,quat_w,quat_x,quat_y,quat_z,button,toggle
5177724148190700,0.000000,0.000000,0.000000,0.999917,-0.011889,0.002072,-0.004510,False,False
5177724165372400,0.000000,0.000000,0.000000,0.999908,-0.012405,0.002591,-0.004873,False,False
5177724182155400,0.000000,0.000000,0.000000,0.999887,-0.013319,0.003919,-0.005697,False,False
5177724199910100,0.000000,0.000000,0.000000,0.999863,-0.014277,0.005390,-0.006415,False,False
5177724216991900,0.000000,0.000000,0.000000,0.999849,-0.014863,0.006020,-0.006624,False,False
5177724233987800,0.000000,0.000000,0.000000,0.999823,-0.016299,0.006694,-0.006552,False,False
5177724251113900,0.000000,0.000000,0.000000,0.999794,-0.017875,0.007313,-0.006260,False,False
5177724268450500,0.000000,0.000000,0.000000,0.999778,-0.018682,0.007541,-0.006105,False,False
5177724285253000,0.000000,0.000000,0.000000,0.999748,-0.020215,0.007781,-0.005946,False,False
5177724302874300,0.000000,0.000000,0.000000,0.999719,-0.021479,0.007894,-0.006253,False,False
5177724319694300,0.000000,0.000000,0.000000,0.999705,-0.021962,0.007957,-0.006600,False,False
5177724337229200,0.000000,0.000000,0.000000,0.999683,-0.022676,0.008004,-0.007446,False,False
5177724354546100,0.000000,0.000000,0.000000,0.999653,-0.023476,0.008361,-0.008503,False,False
5177724371575700,0.000000,0.000000,0.000000,0.999633,-0.024100,0.008568,-0.008911,False,False
5177724388794700,0.000000,0.000000,0.000000,0.999586,-0.025786,0.008901,-0.009174,False,False
5177724405735900,0.000000,0.000000,0.000000,0.999524,-0.028042,0.009290,-0.008885,False,False
5177724422265300,0.000000,0.000000,0.000000,0.999486,-0.029332,0.009516,-0.008718,False,False
5177724439936700,0.000000,0.000000,0.000000,0.999403,-0.032028,0.009830,-0.008451,False,False
5177724457048000,0.000000,0.000000,0.000000,0.999326,-0.034578,0.009284,-0.008137,False,False
5177724474732000,0.000000,0.000000,0.000000,0.999291,-0.035725,0.008783,-0.008030,False,False
5177724491953500,0.000000,0.000000,0.000000,0.999229,-0.037700,0.007400,-0.008027,False,False
5177724509305800,0.000000,0.000000,0.000000,0.999162,-0.039709,0.005415,-0.008373,False,False
5177724526855600,0.000000,0.000000,0.000000,0.999138,-0.040409,0.004325,-0.008486,False,False
5177724544319900,0.000000,0.000000,0.000000,0.999135,-0.040610,0.003283,-0.008291,False,False
5177724561871100,0.000000,0.000000,0.000000,0.999144,-0.040498,0.002700,-0.008031,False,False
5177724579669900,0.000000,0.000000,0.000000,0.999175,-0.039902,0.001418,-0.007433,False,False
5177724596765200,0.000000,0.000000,0.000000,0.999217,-0.038888,0.000405,-0.007312,False,False
5177724614974500,0.000000,0.000000,0.000000,0.999240,-0.038251,0.000169,-0.007530,False,False
5177724632045000,0.000000,0.000000,0.000000,0.999289,-0.036832,0.000030,-0.008099,False,False
5177724649173000,0.000000,0.000000,0.000000,0.999340,-0.035366,-0.000046,-0.008265,False,False
5177724665888300,0.000000,0.000000,0.000000,0.999366,-0.034661,-0.000049,-0.008178,False,False
5177724682696600,0.000000,0.000000,0.000000,0.999414,-0.033334,-0.000078,-0.007797,False,False
5177724700673100,0.000000,0.000000,0.000000,0.999452,-0.032251,0.000189,-0.007400,False,False
5177724718116600,0.000000,0.000000,0.000000,0.999466,-0.031854,0.000551,-0.007201,False,False
5177724735351000,0.000000,0.000000,0.000000,0.999484,-0.031377,0.001627,-0.006688,False,False
5177724752279700,0.000000,0.000000,0.000000,0.999758,-0.019722,0.007509,-0.006162,False,False
5177724769006400,0.000483,-0.000943,-0.000609,0.999757,-0.019489,0.008517,-0.005857,False,False
5177724785936400,0.000952,-0.001982,-0.001316,0.999752,-0.019442,0.009204,-0.005716,False,False
5177724802966900,0.001386,-0.003142,-0.002099,0.999749,-0.019534,0.009523,-0.005459,False,False
5177724820059900,0.001833,-0.004441,-0.002896,0.999745,-0.019740,0.009792,-0.005028,False,False
5177724836836100,0.002337,-0.005843,-0.003682,0.999736,-0.020113,0.010181,-0.004536,False,False
5177724854565700,0.003330,-0.005812,-0.002994,0.997468,-0.006575,0.062106,-0.034027,False,False
5177724871983700,0.004542,-0.006727,-0.003013,0.997353,-0.007621,0.063525,-0.034554,False,False
5177724890130200,0.005541,-0.008033,-0.003505,0.997289,-0.008595,0.064308,-0.034714,False,False
5177724907872900,0.007483,-0.010998,-0.004890,0.997206,-0.010735,0.064985,-0.035240,False,False
5177724926140800,0.007483,-0.010998,-0.004890,0.997206,-0.010735,0.064985,-0.035240,False,False
5177724944061400,0.002390,0.004376,-0.005426,0.990716,-0.011476,0.103970,-0.086841,False,False
5177724961651300,0.000861,0.010236,-0.005185,0.990405,-0.018965,0.101540,-0.091806,False,False
5177724978895000,0.000271,0.012571,-0.005080,0.990300,-0.022493,0.100580,-0.093181,False,False
5177724997129800,-0.000022,0.013811,-0.004977,0.990260,-0.024551,0.100178,-0.093520,False,False
5177725014333400,-0.000265,0.014716,-0.004849,0.990284,-0.025885,0.099609,-0.093515,False,False
5177725031369300,-0.000435,0.015517,-0.004674,0.990296,-0.026696,0.099156,-0.093645,False,False
5177725049514900,-0.001832,0.015582,-0.004650,0.980967,-0.013486,0.152307,-0.119686,False,False
5177725066978700,-0.002652,0.014539,-0.004188,0.981492,-0.012080,0.151911,-0.115976,False,False
5177725083877800,-0.002992,0.014571,-0.003848,0.981631,-0.011295,0.151702,-0.115152,False,False
5177725101227300,-0.003317,0.014976,-0.003561,0.981747,-0.010602,0.151177,-0.114918,False,False
5177725118713000,-0.003747,0.015529,-0.003295,0.981933,-0.009801,0.150227,-0.114644,False,False
5177725136836300,-0.004223,0.016198,-0.003046,0.982158,-0.008893,0.148995,-0.114401,False,False
5177725154027500,-0.005322,0.012795,-0.003335,0.972123,0.006265,0.194073,-0.131429,False,False
5177725171843600,-0.005536,0.011907,-0.003300,0.972421,0.008161,0.193721,-0.129623,False,False
5177725189303200,-0.005683,0.011853,-0.003280,0.972630,0.008930,0.193431,-0.128434,False,False
5177725206669500,-0.005729,0.012125,-0.003315,0.972769,0.008954,0.193377,-0.127454,False,False
5177725224151100,-0.005659,0.012591,-0.003424,0.972807,0.008398,0.193648,-0.126789,False,False
5177725241526500,-0.005917,0.009358,-0.003393,0.962628,0.018095,0.228534,-0.144197,False,False
5177725259178900,-0.005615,0.008142,-0.003473,0.962567,0.017775,0.229254,-0.143496,False,False
5177725275845300,-0.005615,0.008142,-0.003473,0.962567,0.017775,0.229254,-0.143496,False,False
5177725294176100,-0.005135,0.007683,-0.003942,0.962391,0.014805,0.229684,-0.144325,False,False
5177725311483600,-0.004951,0.007627,-0.004250,0.962343,0.013026,0.229482,-0.145138,False,False
5177725329145800,-0.005720,0.007885,-0.004580,0.954305,0.015374,0.250777,-0.161790,False,False
5177725346804200,-0.006303,0.008209,-0.004970,0.954423,0.013687,0.249464,-0.163270,False,False
5177725363836100,-0.006467,0.008299,-0.005298,0.954493,0.012137,0.248756,-0.164060,False,False
5177725381279900,-0.006458,0.008300,-0.005610,0.954531,0.010747,0.248366,-0.164529,False,False
5177725399251500,-0.006362,0.008251,-0.005938,0.954562,0.009518,0.248147,-0.164753,False,False
5177725416735900,-0.006222,0.008144,-0.006289,0.954621,0.008507,0.247957,-0.164755,False,False
5177725434198200,-0.006031,0.007973,-0.006647,0.954667,0.007804,0.247814,-0.164739,False,False
5177725452142400,-0.006087,0.009442,-0.006772,0.948636,0.009416,0.262137,-0.176876,False,False
5177725468901400,-0.006087,0.009442,-0.006772,0.948636,0.009416,0.262137,-0.176876,False,False
5177725485590500,-0.005385,0.009942,-0.007264,0.948250,0.009468,0.262287,-0.178708,False,False
5177725502426600,-0.005010,0.009859,-0.007475,0.948081,0.009735,0.262511,-0.179265,False,False
5177725519571500,-0.004625,0.009689,-0.007666,0.947916,0.010033,0.262768,-0.179744,False,False
5177725537117500,-0.004211,0.009483,-0.007840,0.947757,0.010364,0.262992,-0.180236,False,False
5177725554597200,-0.005813,0.010246,-0.006051,0.941078,0.014376,0.277942,-0.192129,False,False
5177725571917500,-0.006046,0.010376,-0.005434,0.940691,0.014895,0.278018,-0.193867,False,False
5177725589477500,-0.005901,0.010366,-0.005186,0.940334,0.015099,0.278464,-0.194939,False,False
5177725607381900,-0.005426,0.010427,-0.005047,0.939835,0.014994,0.278916,-0.196698,False,False
5177725624074800,-0.005426,0.010427,-0.005047,0.939835,0.014994,0.278916,-0.196698,False,False
5177725642054900,-0.006108,0.012710,-0.004701,0.934257,0.013142,0.287044,-0.211178,False,False
5177725660144400,-0.006079,0.013470,-0.004693,0.933983,0.012658,0.287209,-0.212197,False,False
5177725677839200,-0.005979,0.014092,-0.004718,0.933701,0.012095,0.287520,-0.213044,False,False
5177725694809700,-0.005920,0.014698,-0.004760,0.933494,0.011555,0.287710,-0.213727,False,False
5177725711615700,-0.005920,0.014698,-0.004760,0.933494,0.011555,0.287710,-0.213727,False,False
5177725728848500,-0.005973,0.015925,-0.004812,0.933197,0.010826,0.287888,-0.214817,False,False
5177725747174500,-0.006060,0.015052,-0.005028,0.929984,0.013272,0.295414,-0.218367,False,False
5177725764569600,-0.006067,0.015048,-0.005051,0.929809,0.013423,0.295633,-0.218806,False,False
5177725782067000,-0.006093,0.015333,-0.005002,0.929632,0.013592,0.295825,-0.219287,False,False
5177725798971500,-0.006114,0.015720,-0.004921,0.929429,0.013828,0.296071,-0.219803,False,False
5177725816154000,-0.006130,0.016175,-0.004832,0.929207,0.014064,0.296348,-0.220351,False,False
5177725833410500,-0.006168,0.016713,-0.004762,0.929023,0.014257,0.296523,-0.220877,False,False
5177725850694900,-0.005414,0.015129,-0.004936,0.927110,0.009083,0.300065,-0.224375,False,False
5177725868267700,-0.005142,0.014908,-0.005042,0.927073,0.009248,0.300183,-0.224364,False,False
5177725885028200,-0.004996,0.015184,-0.005026,0.926969,0.009160,0.300398,-0.224511,False,False
5177725902164700,-0.004874,0.015654,-0.004965,0.926812,0.008927,0.300710,-0.224750,False,False
5177725919732300,-0.004772,0.016218,-0.004908,0.926679,0.008575,0.300957,-0.224984,False,False
5177725936927300,-0.004675,0.016835,-0.004876,0.926576,0.008110,0.301125,-0.225199,False,False
5177725955239900,-0.004293,0.014958,-0.005191,0.926165,0.000910,0.302014,-0.225844,False,False
5177725972751000,-0.004021,0.014607,-0.005396,0.926134,0.000371,0.302318,-0.225566,False,False
5177725990366100,-0.003767,0.014744,-0.005450,0.926003,-0.000216,0.302565,-0.225773,False,False
5177726008626900,-0.003331,0.015316,-0.005333,0.925587,-0.001424,0.303184,-0.226642,False,False
5177726025694700,-0.003331,0.015316,-0.005333,0.925587,-0.001424,0.303184,-0.226642,False,False
5177726042397700,-0.003947,0.013923,-0.004827,0.923845,-0.010313,0.306427,-0.229144,False,False
5177726059417400,-0.003947,0.013923,-0.004827,0.923845,-0.010313,0.306427,-0.229144,False,False
5177726077421400,-0.004499,0.013517,-0.004739,0.923876,-0.010809,0.305627,-0.230062,False,False
5177726094628800,-0.004499,0.013517,-0.004739,0.923876,-0.010809,0.305627,-0.230062,False,False
5177726111943100,-0.004753,0.013990,-0.004593,0.923662,-0.011579,0.305427,-0.231148,False,False
5177726129099300,-0.004849,0.014327,-0.004506,0.923499,-0.012000,0.305585,-0.231566,False,False
5177726146640100,-0.004088,0.014928,-0.004932,0.922046,-0.020030,0.308266,-0.233242,False,False
5177726163896200,-0.003855,0.015433,-0.005220,0.921841,-0.020166,0.308562,-0.233648,False,False
5177726181382000,-0.003812,0.015946,-0.005366,0.921680,-0.020258,0.308726,-0.234059,False,False
5177726199694800,-0.003873,0.016477,-0.005449,0.921538,-0.020249,0.308867,-0.234434,False,False
5177726216512400,-0.004029,0.017003,-0.005488,0.921458,-0.020171,0.308971,-0.234617,False,False
5177726233885600,-0.004233,0.017510,-0.005494,0.921371,-0.020070,0.309226,-0.234629,False,False
5177726250671100,-0.003421,0.016883,-0.004557,0.919371,-0.024894,0.311679,-0.238735,False,False
5177726267654700,-0.003241,0.016829,-0.004306,0.919217,-0.024447,0.312131,-0.238781,False,False
5177726285345600,-0.003258,0.017015,-0.004214,0.919089,-0.024262,0.312416,-0.238921,False,False
5177726302259500,-0.003324,0.017305,-0.004205,0.918955,-0.024245,0.312635,-0.239152,False,False
5177726319638900,-0.003407,0.017641,-0.004238,0.918820,-0.024420,0.312827,-0.239399,False,False
5177726336638500,-0.003528,0.018012,-0.004283,0.918718,-0.024775,0.312953,-0.239591,False,False
5177726354103500,-0.000138,0.018266,-0.003965,0.918533,-0.032067,0.312814,-0.239615,False,False
5177726371198300,0.000849,0.018465,-0.003912,0.918646,-0.032441,0.312738,-0.239233,False,False
5177726389373000,0.001084,0.018661,-0.003840,0.918673,-0.032943,0.312588,-0.239256,False,False
5177726406899000,0.001086,0.018845,-0.003746,0.918670,-0.033535,0.312431,-0.239389,False,False
5177726423734200,0.001064,0.019020,-0.003631,0.918571,-0.034204,0.312481,-0.239611,False,False
5177726440539800,0.001071,0.019202,-0.003515,0.918367,-0.034928,0.312725,-0.239969,False,False
5177726457589500,0.000612,0.017429,-0.004017,0.915743,-0.035838,0.315634,-0.245979,False,False
5177726474777000,0.000588,0.016958,-0.004434,0.915014,-0.036492,0.315907,-0.248234,False,False
5177726492661800,0.000588,0.016958,-0.004434,0.915014,-0.036492,0.315907,-0.248234,False,False
5177726510307600,0.000928,0.017274,-0.004736,0.914488,-0.037473,0.316509,-0.249258,False,False
5177726528353300,0.001180,0.017464,-0.004925,0.914190,-0.037952,0.317148,-0.249467,False,False
5177726545368400,0.001031,0.017364,-0.005652,0.911242,-0.039297,0.321635,-0.254252,False,False
5177726562363800,0.001337,0.017499,-0.006229,0.910616,-0.039287,0.322679,-0.255171,False,False
5177726579433000,0.001894,0.017732,-0.006779,0.910085,-0.039420,0.323816,-0.255606,False,False
5177726596190100,0.002668,0.018006,-0.007365,0.909451,-0.039581,0.325262,-0.256002,False,False
5177726613123900,0.003612,0.018299,-0.008014,0.908712,-0.039767,0.326961,-0.256434,False,False
5177726631449800,0.004652,0.018593,-0.008733,0.908010,-0.039945,0.328582,-0.256820,False,False
5177726648959500,0.006832,0.018588,-0.008863,0.905851,-0.041707,0.332238,-0.259444,False,False
5177726665590200,0.008406,0.018687,-0.009418,0.905103,-0.041809,0.333797,-0.260040,False,False
5177726683266600,0.009853,0.018847,-0.010130,0.904370,-0.042079,0.335230,-0.260703,False,False
5177726700244100,0.011339,0.019031,-0.010942,0.903644,-0.042506,0.336597,-0.261388,False,False
5177726717405000,0.012932,0.019212,-0.011818,0.902842,-0.043062,0.338085,-0.262145,False,False
5177726734828100,0.014631,0.019378,-0.012731,0.901995,-0.043703,0.339625,-0.262963,False,False
5177726752823500,0.020130,0.019961,-0.013769,0.899433,-0.044084,0.343764,-0.266276,False,False
5177726770426100,0.023326,0.020106,-0.014712,0.898328,-0.044678,0.345635,-0.267485,False,False
5177726787807500,0.025830,0.020115,-0.015638,0.897174,-0.045470,0.347559,-0.268726,False,False
5177726805624600,0.028144,0.020079,-0.016586,0.895993,-0.046379,0.349473,-0.270027,False,False
5177726823253500,0.030409,0.020025,-0.017570,0.894827,-0.047326,0.351297,-0.271357,False,False
5177726841117200,0.032692,0.019971,-0.018580,0.893637,-0.048280,0.353103,-0.272763,False,False
5177726858752300,0.041299,0.021114,-0.020085,0.890526,-0.047485,0.359909,-0.274179,False,False
5177726875581300,0.041299,0.021114,-0.020085,0.890526,-0.047485,0.359909,-0.274179,False,False
5177726893830400,0.046409,0.021121,-0.021933,0.888628,-0.049914,0.362986,-0.275845,False,False
5177726910829600,0.048839,0.021038,-0.022872,0.887736,-0.051017,0.364375,-0.276683,False,False
5177726927432000,0.051367,0.020941,-0.023808,0.886728,-0.051916,0.365834,-0.277821,False,False
5177726945298200,0.056413,0.022035,-0.026459,0.884594,-0.047737,0.372790,-0.276119,False,False
5177726962988600,0.059925,0.022404,-0.027933,0.883509,-0.048413,0.374246,-0.277504,False,False
5177726980487400,0.062981,0.022494,-0.029111,0.882587,-0.049021,0.375407,-0.278759,False,False
5177726998533100,0.066051,0.022473,-0.030223,0.881493,-0.049655,0.376999,-0.279957,False,False
5177727016645700,0.069203,0.022402,-0.031330,0.880385,-0.050166,0.378655,-0.281115,False,False
5177727034082800,0.072477,0.022309,-0.032460,0.879173,-0.050628,0.380528,-0.282295,False,False
5177727052190200,0.079104,0.023573,-0.036063,0.876297,-0.046342,0.389324,-0.279970,False,False
5177727068895800,0.083620,0.023949,-0.037998,0.875059,-0.047024,0.391587,-0.280570,False,False
5177727086964700,0.087499,0.023987,-0.039448,0.873726,-0.047537,0.393994,-0.281268,False,False
5177727104746600,0.091183,0.023900,-0.040740,0.872382,-0.047924,0.396415,-0.281971,False,False
5177727121814200,0.094804,0.023773,-0.041971,0.871068,-0.048147,0.398731,-0.282728,False,False
5177727139070300,0.098381,0.023634,-0.043169,0.869858,-0.048263,0.400839,-0.283454,False,False
5177727156323600,0.101827,0.025439,-0.044393,0.867963,-0.045731,0.408715,-0.278389,False,False
5177727174039600,0.105224,0.025932,-0.045453,0.867034,-0.046024,0.410650,-0.278388,False,False
5177727190785100,0.108637,0.025966,-0.046469,0.865918,-0.046018,0.412706,-0.278822,False,False
5177727207513700,0.112051,0.025840,-0.047446,0.864753,-0.045883,0.414752,-0.279426,False,False
5177727224394700,0.115478,0.025652,-0.048393,0.863533,-0.045729,0.416828,-0.280132,False,False
5177727242485400,0.118921,0.025439,-0.049316,0.862322,-0.045628,0.418851,-0.280861,False,False
5177727260242800,0.114508,0.026583,-0.046977,0.860028,-0.043475,0.428698,-0.273277,False,False
5177727277696000,0.114508,0.026583,-0.046977,0.860028,-0.043475,0.428698,-0.273277,False,False
5177727295502500,0.119126,0.026313,-0.047988,0.857942,-0.044763,0.432192,-0.274121,False,False
5177727313545600,0.121810,0.026139,-0.048700,0.856949,-0.045503,0.433678,-0.274756,False,False
5177727331226600,0.124566,0.025976,-0.049454,0.855908,-0.046275,0.435162,-0.275526,False,False
5177727348907300,0.117126,0.026122,-0.046641,0.854625,-0.045136,0.443060,-0.266976,False,False
5177727366337200,0.116282,0.026020,-0.046099,0.854134,-0.046773,0.444322,-0.266169,False,False
5177727383090800,0.117558,0.025771,-0.046318,0.853028,-0.047868,0.446142,-0.266475,False,False
5177727400999900,0.119429,0.025467,-0.046765,0.851787,-0.048827,0.448057,-0.267058,False,False
5177727419117600,0.121431,0.025139,-0.047295,0.850447,-0.049813,0.450121,-0.267674,False,False
5177727436252300,0.120159,0.025302,-0.047062,0.847841,-0.047044,0.458407,-0.262327,False,False
5177727454037500,0.118380,0.025614,-0.046654,0.847677,-0.049408,0.459632,-0.260270,False,False
5177727471284300,0.118867,0.025459,-0.047018,0.846824,-0.050574,0.461219,-0.260014,False,False
5177727489000900,0.120060,0.025148,-0.047639,0.845669,-0.051190,0.462989,-0.260508,False,False
5177727505961900,0.121439,0.024772,-0.048343,0.844374,-0.051553,0.464900,-0.261233,False,False
5177727523243700,0.122808,0.024331,-0.049072,0.843072,-0.051834,0.466910,-0.261796,False,False
5177727541163600,0.125531,0.025261,-0.050217,0.839347,-0.048218,0.476034,-0.257997,False,False
5177727559555000,0.126900,0.025374,-0.050927,0.838088,-0.048803,0.478299,-0.257792,False,False
5177727576098900,0.126900,0.025374,-0.050927,0.838088,-0.048803,0.478299,-0.257792,False,False
5177727592771900,0.129642,0.024491,-0.052758,0.835047,-0.049621,0.483191,-0.258381,False,False
5177727611065600,0.131018,0.023893,-0.053746,0.833422,-0.049985,0.485596,-0.259048,False,False
5177727628380900,0.132399,0.023272,-0.054762,0.831791,-0.050338,0.487878,-0.259933,False,False
5177727645326300,0.134468,0.022912,-0.055599,0.828875,-0.046603,0.493857,-0.258651,False,False
5177727662297500,0.136526,0.022585,-0.056208,0.827286,-0.047199,0.496115,-0.259307,False,False
5177727679473100,0.138057,0.021993,-0.056965,0.825776,-0.047806,0.498233,-0.259949,False,False
5177727696744500,0.139367,0.021239,-0.057684,0.824374,-0.048458,0.500285,-0.260334,False,False
5177727713968900,0.140570,0.020350,-0.058303,0.823036,-0.049123,0.502314,-0.260537,False,False
5177727730887200,0.141699,0.019346,-0.058813,0.821737,-0.049688,0.504257,-0.260777,False,False
5177727747369500,0.144632,0.017883,-0.059786,0.820175,-0.048182,0.506393,-0.261835,False,False
5177727764622500,0.147507,0.016266,-0.060612,0.819158,-0.047989,0.507533,-0.262844,False,False
5177727782975500,0.149043,0.014765,-0.060992,0.818107,-0.047804,0.508648,-0.263993,False,False
5177727800696500,0.150113,0.013237,-0.061178,0.817093,-0.047501,0.509621,-0.265307,False,False
5177727818725200,0.150993,0.011649,-0.061262,0.816153,-0.047103,0.510439,-0.266697,False,False
5177727835450600,0.151783,0.010005,-0.061282,0.815201,-0.046837,0.511340,-0.267925,False,False
5177727852468200,0.155823,0.008011,-0.062502,0.813999,-0.045014,0.512490,-0.269690,False,False
5177727869526400,0.159855,0.006005,-0.063693,0.813085,-0.045124,0.513514,-0.270481,False,False
5177727886524400,0.161648,0.004208,-0.064101,0.812132,-0.045545,0.514658,-0.271101,False,False
5177727904779900,0.162715,0.002476,-0.064255,0.811200,-0.046034,0.515719,-0.271788,False,False
5177727923043000,0.163554,0.000767,-0.064325,0.810234,-0.046533,0.516734,-0.272657,False,False
5177727941200700,0.169746,-0.003697,-0.065486,0.808044,-0.046199,0.518994,-0.274911,False,False
5177727958885100,0.169746,-0.003697,-0.065486,0.808044,-0.046199,0.518994,-0.274911,False,False
5177727975927900,0.173265,-0.007924,-0.065962,0.805851,-0.046775,0.521548,-0.276411,False,False
5177727993526400,0.173265,-0.007924,-0.065962,0.805851,-0.046775,0.521548,-0.276411,False,False
5177728011533100,0.174922,-0.012272,-0.065995,0.803332,-0.046280,0.524523,-0.278193,False,False
5177728029555000,0.175579,-0.014590,-0.065938,0.801958,-0.045531,0.526130,-0.279245,False,False
5177728046983700,0.179491,-0.017241,-0.066713,0.800304,-0.043961,0.528266,-0.280206,False,False
5177728063965400,0.183181,-0.019971,-0.067367,0.799002,-0.042690,0.529836,-0.281154,False,False
5177728081958700,0.184611,-0.022647,-0.067414,0.797875,-0.041215,0.531291,-0.281828,False,False
5177728100051200,0.185293,-0.025349,-0.067261,0.796776,-0.039576,0.532779,-0.282360,False,False
5177728117094000,0.185698,-0.028091,-0.067029,0.795686,-0.037802,0.534286,-0.282830,False,False
5177728134963400,0.185974,-0.030876,-0.066757,0.794544,-0.035970,0.535868,-0.283286,False,False
5177728152951900,0.190471,-0.032206,-0.066726,0.793119,-0.033941,0.537809,-0.283851,False,False
5177728171069200,0.191989,-0.034568,-0.066511,0.791945,-0.032245,0.539404,-0.284300,False,False
5177728187850100,0.192510,-0.037250,-0.066269,0.790840,-0.030791,0.540950,-0.284598,False,False
5177728204834400,0.192714,-0.040027,-0.066069,0.789620,-0.029646,0.542670,-0.284834,False,False
5177728222172200,0.192822,-0.042797,-0.065934,0.788255,-0.028855,0.544532,-0.285142,False,False
5177728240151500,0.192892,-0.045488,-0.065888,0.786708,-0.028467,0.546564,-0.285566,False,False
5177728256932000,0.195827,-0.046693,-0.066408,0.784789,-0.027908,0.548917,-0.286387,False,False
5177728273846300,0.196749,-0.051070,-0.066675,0.782185,-0.028606,0.552160,-0.287206,False,False
5177728291656200,0.196749,-0.051070,-0.066675,0.782185,-0.028606,0.552160,-0.287206,False,False
5177728309249800,0.196223,-0.055839,-0.066609,0.779905,-0.029654,0.554738,-0.288332,False,False
5177728327357900,0.196223,-0.055839,-0.066609,0.779905,-0.029654,0.554738,-0.288332,False,False
5177728344487800,0.198097,-0.058974,-0.067009,0.777706,-0.030095,0.556771,-0.290298,False,False
5177728361478200,0.197793,-0.061079,-0.066885,0.776915,-0.030385,0.557501,-0.290985,False,False
5177728378471400,0.197063,-0.063358,-0.066605,0.776221,-0.030589,0.558219,-0.291437,False,False
5177728395637100,0.196116,-0.065710,-0.066202,0.775609,-0.030642,0.558924,-0.291711,False,False
5177728412999700,0.195059,-0.068107,-0.065699,0.774991,-0.030513,0.559690,-0.291900,False,False
5177728430542400,0.195405,-0.069902,-0.065285,0.774291,-0.030013,0.560623,-0.292018,False,False
5177728448735100,0.195564,-0.071781,-0.064811,0.773550,-0.029456,0.561534,-0.292289,False,False
5177728466192100,0.194817,-0.074043,-0.064232,0.772878,-0.028682,0.562349,-0.292577,False,False
5177728484286100,0.193764,-0.076424,-0.063630,0.772203,-0.027748,0.563165,-0.292878,False,False
5177728501999100,0.192592,-0.078835,-0.063036,0.771512,-0.026715,0.564025,-0.293142,False,False
5177728519764400,0.191358,-0.081258,-0.062452,0.770765,-0.025670,0.565010,-0.293301,False,False
5177728537420700,0.191092,-0.083090,-0.062714,0.769925,-0.024645,0.566195,-0.293312,False,False
5177728555033500,0.190051,-0.085251,-0.062408,0.769256,-0.023911,0.567199,-0.293187,False,False
5177728571865900,0.188704,-0.087484,-0.061872,0.768741,-0.023413,0.568036,-0.292958,False,False
5177728588708100,0.187205,-0.089719,-0.061190,0.768380,-0.023174,0.568680,-0.292673,False,False
5177728606618600,0.185602,-0.091944,-0.060413,0.768150,-0.023183,0.569134,-0.292395,False,False
5177728623779200,0.183927,-0.094165,-0.059571,0.767950,-0.023410,0.569447,-0.292293,False,False
5177728640721900,0.183427,-0.095990,-0.058913,0.767719,-0.023859,0.569615,-0.292536,False,False
5177728658356800,0.180328,-0.100366,-0.056959,0.767336,-0.025074,0.569608,-0.293452,False,False
5177728675935900,0.180328,-0.100366,-0.056959,0.767336,-0.025074,0.569608,-0.293452,False,False
5177728693451400,0.176378,-0.105124,-0.054475,0.767480,-0.026125,0.568826,-0.294498,False,False
5177728710213600,0.174258,-0.107598,-0.053051,0.767831,-0.026359,0.568078,-0.295005,False,False
5177728727367800,0.174258,-0.107598,-0.053051,0.767831,-0.026359,0.568078,-0.295005,False,False
5177728744627400,0.169927,-0.112722,-0.049922,0.768910,-0.025853,0.565915,-0.296392,False,False
5177728762244200,0.167748,-0.115344,-0.048272,0.769362,-0.025149,0.564889,-0.297238,False,False
5177728779215000,0.165574,-0.117992,-0.046613,0.769760,-0.024256,0.563946,-0.298070,False,False
5177728796768100,0.163418,-0.120647,-0.044986,0.769997,-0.023365,0.563220,-0.298901,False,False
5177728814385800,0.161257,-0.123308,-0.043411,0.770098,-0.022566,0.562681,-0.299717,False,False
5177728832064100,0.159070,-0.125974,-0.041896,0.770139,-0.021965,0.562277,-0.300414,False,False
5177728849741700,0.156857,-0.128629,-0.040414,0.770143,-0.021633,0.561939,-0.301059,False,False
5177728868179200,0.154576,-0.131246,-0.038937,0.770175,-0.021476,0.561510,-0.301788,False,False
5177728885880900,0.152162,-0.133823,-0.037445,0.770437,-0.021333,0.560715,-0.302605,False,False
5177728903156700,0.149650,-0.136399,-0.035909,0.770766,-0.021065,0.559843,-0.303401,False,False
5177728921178100,0.147064,-0.138981,-0.034334,0.771088,-0.020739,0.559043,-0.304079,False,False
5177728938608000,0.147043,-0.141786,-0.033859,0.771367,-0.020430,0.558360,-0.304646,False,False
5177728956543400,0.145174,-0.144457,-0.032674,0.771532,-0.020275,0.557839,-0.305192,False,False
5177728974781700,0.139918,-0.149722,-0.029821,0.771815,-0.020484,0.556799,-0.306361,False,False
5177728991939000,0.139918,-0.149722,-0.029821,0.771815,-0.020484,0.556799,-0.306361,False,False
5177729009696400,0.134027,-0.154956,-0.026725,0.772548,-0.020676,0.555107,-0.307569,False,False
5177729026997800,0.136378,-0.157697,-0.026037,0.772781,-0.020421,0.554354,-0.308356,False,False
5177729044366600,0.137652,-0.160465,-0.025096,0.772978,-0.019950,0.553631,-0.309191,False,False
5177729061807300,0.136071,-0.163242,-0.023621,0.773176,-0.019297,0.552905,-0.310037,False,False
5177729078648100,0.133577,-0.166071,-0.021977,0.773257,-0.018550,0.552345,-0.310876,False,False
5177729095675800,0.130735,-0.168940,-0.020261,0.773366,-0.017822,0.551784,-0.311645,False,False
5177729113335200,0.127728,-0.171844,-0.018497,0.773481,-0.017175,0.551263,-0.312316,False,False
5177729130663200,0.125382,-0.176214,-0.016591,0.773594,-0.016565,0.550891,-0.312724,False,False
5177729147340500,0.122420,-0.179686,-0.014644,0.773789,-0.016114,0.550388,-0.313152,False,False
5177729165204500,0.119216,-0.182957,-0.012602,0.773932,-0.015554,0.549953,-0.313591,False,False
5177729183100700,0.115882,-0.186262,-0.010453,0.774066,-0.014749,0.549518,-0.314060,False,False
5177729200335500,0.112480,-0.189661,-0.008193,0.774046,-0.013699,0.549206,-0.314704,False,False
5177729217242300,0.108959,-0.193164,-0.005799,0.774054,-0.012331,0.548751,-0.315533,False,False
5177729234419700,0.105644,-0.196391,-0.003337,0.774228,-0.010627,0.548056,-0.316374,False,False
5177729252653900,0.101943,-0.199949,-0.000577,0.774614,-0.008660,0.547062,-0.317210,False,False
5177729269674800,0.098045,-0.203621,0.002432,0.775157,-0.006653,0.545909,-0.317916,False,False
5177729286881800,0.094008,-0.207339,0.005669,0.775858,-0.004730,0.544628,-0.318437,False,False
5177729304201300,0.089871,-0.211080,0.009102,0.776663,-0.003001,0.543292,-0.318778,False,False
5177729321798600,0.085653,-0.214832,0.012675,0.777582,-0.001514,0.541875,-0.318959,False,False
5177729339604900,0.081781,-0.218271,0.016430,0.778571,-0.000332,0.540466,-0.318941,False,False
5177729357051100,0.073568,-0.225263,0.023902,0.780859,0.001052,0.536968,-0.319255,False,False
5177729374832100,0.073568,-0.225263,0.023902,0.780859,0.001052,0.536968,-0.319255,False,False
5177729392567200,0.065106,-0.232233,0.031304,0.783085,0.001012,0.533251,-0.320031,False,False
5177729410855600,0.060921,-0.235711,0.035040,0.784029,0.000569,0.531609,-0.320452,False,False
5177729428987600,0.060921,-0.235711,0.035040,0.784029,0.000569,0.531609,-0.320452,False,False
5177729445685400,0.054390,-0.242991,0.042334,0.785900,-0.000693,0.528185,-0.321529,False,False
5177729462959500,0.050465,-0.246728,0.046175,0.786868,-0.001250,0.526247,-0.322335,False,False
5177729480307900,0.046394,-0.250578,0.050099,0.787855,-0.001670,0.524162,-0.323321,False,False
5177729498400300,0.042297,-0.254560,0.054083,0.788899,-0.001957,0.521920,-0.324397,False,False
5177729515966500,0.038249,-0.258717,0.058134,0.789910,-0.002065,0.519689,-0.325518,False,False
5177729532733000,0.034476,-0.261255,0.062392,0.790743,-0.002033,0.517698,-0.326666,False,False
5177729550850900,0.030697,-0.264467,0.066655,0.791691,-0.001643,0.515472,-0.327888,False,False
5177729568046700,0.026859,-0.268807,0.070871,0.792633,-0.000878,0.513142,-0.329267,False,False
5177729585954000,0.023005,-0.273634,0.075069,0.793652,0.000230,0.510550,-0.330840,False,False
5177729603929200,0.019175,-0.278741,0.079245,0.794676,0.001612,0.507831,-0.332559,False,False
5177729621115700,0.015397,-0.284083,0.083386,0.795673,0.003190,0.505099,-0.334319,False,False
5177729637983700,0.008472,-0.286197,0.085174,0.796709,0.004772,0.502300,-0.336045,False,False
5177729655711600,0.003756,-0.290831,0.088395,0.797605,0.006432,0.499652,-0.337834,False,False
5177729672999600,-0.000186,-0.296405,0.091972,0.798336,0.008130,0.497098,-0.339834,False,False
5177729689443600,-0.003807,-0.302396,0.095529,0.798873,0.009823,0.494618,-0.342137,False,False
5177729706792900,-0.007268,-0.308610,0.098924,0.799275,0.011512,0.492178,-0.344656,False,False
5177729724706100,-0.010613,-0.315005,0.102123,0.799456,0.013209,0.489943,-0.347351,False,False
5177729742853300,-0.017966,-0.321261,0.107588,0.799559,0.016463,0.485868,-0.352656,False,False
5177729760576500,-0.017966,-0.321261,0.107588,0.799559,0.016463,0.485868,-0.352656,False,False
5177729777570400,-0.024631,-0.333745,0.112702,0.799162,0.019998,0.482448,-0.358029,False,False
5177729795540000,-0.027902,-0.340693,0.115030,0.798751,0.021793,0.480942,-0.360855,False,False
5177729813355100,-0.031203,-0.347798,0.117191,0.798246,0.023530,0.479499,-0.363772,False,False
5177729830749700,-0.033911,-0.350168,0.119168,0.797822,0.025016,0.477885,-0.366714,False,False
5177729848326200,-0.036834,-0.353959,0.121014,0.797121,0.026406,0.476689,-0.369686,False,False
5177729865600400,-0.040102,-0.360136,0.122757,0.796252,0.027604,0.475801,-0.372605,False,False
5177729882666900,-0.043550,-0.367073,0.124407,0.795360,0.028530,0.475043,-0.375397,False,False
5177729900279900,-0.047134,-0.374225,0.125989,0.794529,0.029127,0.474327,-0.378006,False,False
5177729916939100,-0.049491,-0.379054,0.128297,0.793873,0.029268,0.473422,-0.380500,False,False
5177729933610400,-0.052796,-0.385294,0.130070,0.793292,0.029239,0.472550,-0.382791,False,False
5177729950842300,-0.056511,-0.392066,0.131596,0.792770,0.029035,0.471608,-0.385043,False,False
5177729967559500,-0.060341,-0.398982,0.133024,0.792151,0.028739,0.470786,-0.387339,False,False
5177729984549900,-0.064222,-0.405895,0.134403,0.791514,0.028359,0.469994,-0.389623,False,False
5177730001563500,-0.068121,-0.412777,0.135743,0.790797,0.027972,0.469347,-0.391881,False,False
5177730019208900,-0.072057,-0.419636,0.137059,0.790045,0.027674,0.468790,-0.394079,False,False
5177730037031500,-0.074588,-0.423056,0.139249,0.789331,0.027386,0.468132,-0.396306,False,False
5177730055173300,-0.078141,-0.428732,0.140844,0.788560,0.027361,0.467674,-0.398378,False,False
5177730073634700,-0.082048,-0.435088,0.142254,0.787790,0.027525,0.467246,-0.400388,False,False
5177730091638400,-0.090323,-0.448168,0.144996,0.786347,0.028306,0.466434,-0.404100,False,False
5177730109701900,-0.094657,-0.454685,0.146369,0.785763,0.028823,0.465934,-0.405772,False,False
5177730126683900,-0.094657,-0.454685,0.146369,0.785763,0.028823,0.465934,-0.405772,False,False
5177730143532300,-0.102023,-0.464029,0.150096,0.784799,0.029907,0.464802,-0.408846,False,False
5177730160757000,-0.106349,-0.469903,0.151584,0.784151,0.030504,0.464579,-0.410297,False,False
5177730177920500,-0.110917,-0.475986,0.152968,0.783551,0.031008,0.464383,-0.411625,False,False
5177730195152500,-0.110917,-0.475986,0.152968,0.783551,0.031008,0.464383,-0.411625,False,False
5177730211933600,-0.120526,-0.488072,0.155594,0.782515,0.031595,0.463916,-0.414071,False,False
5177730228988100,-0.123086,-0.489558,0.158390,0.781991,0.031623,0.463541,-0.415475,False,False
5177730246493600,-0.126506,-0.492271,0.160734,0.781419,0.031522,0.463221,-0.416914,False,False
5177730264225600,-0.131177,-0.496903,0.162400,0.780885,0.031339,0.462854,-0.418333,False,False
5177730280847700,-0.136313,-0.502085,0.163866,0.780282,0.031084,0.462611,-0.419744,False,False
5177730298488600,-0.141694,-0.507381,0.165290,0.779626,0.030769,0.462460,-0.421150,False,False
5177730316311000,-0.147281,-0.512639,0.166703,0.779011,0.030400,0.462285,-0.422504,False,False
5177730334039000,-0.152994,-0.517712,0.168054,0.778650,0.030078,0.461772,-0.423752,False,False
5177730350755900,-0.158905,-0.522700,0.169441,0.778215,0.029718,0.461530,-0.424838,False,False
5177730367943000,-0.164984,-0.527671,0.170891,0.777755,0.029592,0.461348,-0.425887,False,False
5177730385205100,-0.171171,-0.532617,0.172393,0.777178,0.029740,0.461363,-0.426912,False,False
5177730402212100,-0.177460,-0.537505,0.173927,0.776507,0.030068,0.461559,-0.427897,False,False
5177730419654500,-0.183902,-0.542305,0.175472,0.775926,0.030487,0.461728,-0.428739,False,False
5177730437632800,-0.190453,-0.547026,0.176974,0.775332,0.031041,0.462004,-0.429475,False,False
5177730455487800,-0.197149,-0.551732,0.178483,0.774788,0.031720,0.462218,-0.430176,False,False
5177730472609300,-0.203943,-0.556398,0.179980,0.774166,0.032523,0.462490,-0.430944,False,False
5177730489980400,-0.217808,-0.565546,0.182861,0.772751,0.034288,0.463164,-0.432619,False,False
5177730507677800,-0.224920,-0.570004,0.184222,0.772055,0.035084,0.463559,-0.433373,False,False
5177730524758300,-0.224920,-0.570004,0.184222,0.772055,0.035084,0.463559,-0.433373,False,False
5177730542783000,-0.239470,-0.578642,0.186711,0.770772,0.036207,0.464464,-0.434595,False,False
5177730561278100,-0.246876,-0.582801,0.187857,0.770151,0.036548,0.464972,-0.435123,False,False
5177730578569500,-0.254364,-0.586840,0.188976,0.769502,0.036763,0.465546,-0.435640,False,False
5177730595805700,-0.254364,-0.586840,0.188976,0.769502,0.036763,0.465546,-0.435640,False,False
5177730612700000,-0.269678,-0.594501,0.191153,0.768332,0.036661,0.466881,-0.436284,False,False
5177730630335500,-0.277536,-0.598121,0.192206,0.767888,0.036358,0.467487,-0.436443,False,False
5177730647284200,-0.285501,-0.601633,0.193268,0.767425,0.036010,0.468156,-0.436567,False,False
5177730664519800,-0.293557,-0.605063,0.194356,0.766896,0.035689,0.468899,-0.436727,False,False
5177730682442000,-0.301695,-0.608424,0.195461,0.766298,0.035417,0.469707,-0.436930,False,False
5177730698801500,-0.309923,-0.611705,0.196570,0.765710,0.035135,0.470456,-0.437179,False,False
5177730716752300,-0.318238,-0.614925,0.197696,0.765123,0.034893,0.471155,-0.437473,False,False
5177730734977000,-0.326630,-0.618108,0.198865,0.764537,0.034676,0.471853,-0.437763,False,False
5177730752579200,-0.335093,-0.621255,0.200099,0.763929,0.034470,0.472665,-0.437963,False,False
5177730769272900,-0.343648,-0.624353,0.201418,0.763396,0.034198,0.473486,-0.438028,False,False
5177730787316400,-0.352309,-0.627408,0.202828,0.762947,0.033872,0.474284,-0.437972,False,False
5177730805471700,-0.361076,-0.630437,0.204324,0.762561,0.033552,0.475022,-0.437868,False,False
5177730823390300,-0.369954,-0.633455,0.205904,0.762277,0.033318,0.475609,-0.437745,False,False
5177730841953900,-0.380596,-0.637870,0.207819,0.762094,0.033238,0.476069,-0.437568,False,False
5177730859116700,-0.399527,-0.644552,0.211577,0.761888,0.033459,0.476809,-0.437105,False,False
5177730875795100,-0.399527,-0.644552,0.211577,0.761888,0.033459,0.476809,-0.437105,False,False
5177730893713500,-0.418117,-0.650863,0.215646,0.761581,0.034498,0.477339,-0.436981,False,False
5177730911065600,-0.418117,-0.650863,0.215646,0.761581,0.034498,0.477339,-0.436981,False,False
5177730929043400,-0.436712,-0.657363,0.219976,0.760709,0.036214,0.478427,-0.437171,False,False
5177730945801600,-0.445998,-0.660702,0.222198,0.759959,0.037224,0.479398,-0.437325,False,False
5177730962866500,-0.455375,-0.664029,0.224428,0.759288,0.038134,0.480330,-0.437390,False,False
5177730979961800,-0.464876,-0.667312,0.226651,0.758740,0.038874,0.481143,-0.437382,False,False
5177730997865700,-0.474467,-0.670563,0.228854,0.758234,0.039453,0.481945,-0.437326,False,False
5177731015139600,-0.484127,-0.673794,0.231035,0.757728,0.039875,0.482802,-0.437219,False,False
5177731032314500,-0.493844,-0.677006,0.233193,0.757192,0.040051,0.483765,-0.437066,False,False
5177731049351700,-0.503651,-0.680186,0.235371,0.756799,0.039971,0.484665,-0.436757,False,False
5177731067284000,-0.513466,-0.683402,0.237578,0.756214,0.039776,0.485953,-0.436357,False,False
5177731084726900,-0.523285,-0.686658,0.239819,0.755505,0.039483,0.487529,-0.435854,False,False
5177731101555100,-0.533152,-0.689911,0.242120,0.754715,0.039151,0.489190,-0.435391,False,False
5177731118445600,-0.543128,-0.693120,0.244496,0.753994,0.038859,0.490592,-0.435088,False,False
5177731135371900,-0.553239,-0.696278,0.246955,0.753378,0.038676,0.491560,-0.435079,False,False
5177731153402800,-0.563490,-0.699412,0.249487,0.752789,0.038661,0.492264,-0.435305,False,False
5177731171290600,-0.573921,-0.702512,0.252087,0.752310,0.038807,0.492665,-0.435666,False,False
5177731188725200,-0.584505,-0.705626,0.254759,0.751817,0.039173,0.493037,-0.436062,False,False
5177731205662600,-0.595249,-0.708756,0.257519,0.751302,0.039671,0.493455,-0.436433,False,False
5177731222950700,-0.606209,-0.711860,0.260348,0.751007,0.040203,0.493653,-0.436669,False,False
5177731240303700,-0.628551,-0.718019,0.266066,0.750559,0.041424,0.493844,-0.437108,False,False
5177731257606800,-0.628551,-0.718019,0.266066,0.750559,0.041424,0.493844,-0.437108,False,False
5177731275532800,-0.651228,-0.724145,0.271692,0.749766,0.042685,0.494242,-0.437897,False,False
5177731292090300,-0.651228,-0.724145,0.271692,0.749766,0.042685,0.494242,-0.437897,False,False
5177731308808500,-0.674298,-0.730154,0.277319,0.748665,0.043463,0.495307,-0.438501,False,False
5177731325720500,-0.674298,-0.730154,0.277319,0.748665,0.043463,0.495307,-0.438501,False,False
5177731342797000,-0.697966,-0.735780,0.283191,0.748059,0.042902,0.496462,-0.438283,False,False
5177731360102100,-0.697966,-0.735780,0.283191,0.748059,0.042902,0.496462,-0.438283,False,False
5177731378016300,-0.721991,-0.741252,0.289266,0.747121,0.041849,0.497406,-0.438914,False,False
5177731394791700,-0.721991,-0.741252,0.289266,0.747121,0.041849,0.497406,-0.438914,False,False
5177731412363400,-0.746488,-0.746544,0.295438,0.746122,0.040399,0.497176,-0.441006,False,False
5177731430488500,-0.758909,-0.749146,0.298609,0.745574,0.039656,0.496957,-0.442245,False,False
5177731447489900,-0.771479,-0.751663,0.301865,0.745163,0.038821,0.496630,-0.443378,False,False
5177731464936400,-0.784198,-0.754080,0.305229,0.744992,0.037877,0.496097,-0.444341,False,False
5177731482894000,-0.797021,-0.756433,0.308709,0.744941,0.036925,0.495499,-0.445174,False,False
5177731499773600,-0.809917,-0.758763,0.312323,0.744894,0.036102,0.494941,-0.445941,False,False
5177731517840300,-0.822918,-0.761050,0.316059,0.744890,0.035385,0.494398,-0.446606,False,False
5177731535272800,-0.836061,-0.763274,0.319890,0.745005,0.034717,0.493796,-0.447132,False,False
5177731552681800,-0.849345,-0.765430,0.323790,0.745285,0.034076,0.493010,-0.447583,False,False
5177731569234200,-0.862738,-0.767539,0.327732,0.745604,0.033546,0.492119,-0.448072,False,False
5177731587383500,-0.876253,-0.769589,0.331706,0.745941,0.033134,0.491048,-0.448716,False,False
5177731605555200,-0.889897,-0.771583,0.335723,0.746367,0.032818,0.489696,-0.449507,False,False
5177731622701000,-0.903657,-0.773543,0.339765,0.746880,0.032560,0.488125,-0.450382,False,False
5177731640963800,-0.931384,-0.777437,0.347905,0.748106,0.032514,0.484432,-0.452335,False,False
5177731658830600,-0.931384,-0.777437,0.347905,0.748106,0.032514,0.484432,-0.452335,False,False
5177731676232600,-0.959323,-0.781404,0.356180,0.749438,0.033406,0.480876,-0.453855,False,False
5177731693651100,-0.959323,-0.781404,0.356180,0.749438,0.033406,0.480876,-0.453855,False,False
5177731710577500,-0.987709,-0.785477,0.364619,0.751078,0.034664,0.478226,-0.453851,False,False
5177731728088000,-1.002076,-0.787549,0.368781,0.751954,0.035268,0.477007,-0.453636,False,False
5177731744949700,-1.016456,-0.789651,0.372908,0.752684,0.035879,0.475918,-0.453521,False,False
5177731761937100,-1.030810,-0.791801,0.377018,0.753178,0.036556,0.474959,-0.453653,False,False
5177731779259100,-1.045221,-0.793930,0.381142,0.753643,0.037055,0.474001,-0.453841,False,False
5177731796151000,-1.059712,-0.796065,0.385281,0.753977,0.037390,0.473223,-0.454071,False,False
5177731813289000,-1.074358,-0.798151,0.389423,0.754296,0.037473,0.472469,-0.454320,False,False
5177731831432900,-1.085817,-0.786075,0.393950,0.754773,0.037136,0.471403,-0.454663,False,False
5177731849008800,-1.098962,-0.779620,0.398433,0.755290,0.036711,0.470240,-0.455042,False,False
5177731866943200,-1.113752,-0.778551,0.402933,0.755832,0.036288,0.468960,-0.455496,False,False
5177731884670100,-1.129280,-0.779089,0.407557,0.756396,0.035833,0.467542,-0.456053,False,False
5177731902060800,-1.145252,-0.780063,0.412322,0.757032,0.035400,0.465974,-0.456636,False,False
5177731919836500,-1.161523,-0.781130,0.417204,0.757673,0.035070,0.464382,-0.457221,False,False
5177731937282400,-1.170818,-0.757923,0.422904,0.758535,0.034481,0.462554,-0.457688,False,False
5177731955004200,-1.183373,-0.744752,0.428399,0.759308,0.034235,0.460764,-0.458231,False,False
5177731972955300,-1.198959,-0.740788,0.433715,0.760218,0.034168,0.458911,-0.458586,False,False
5177731989865900,-1.215684,-0.739592,0.439029,0.761338,0.034166,0.456943,-0.458694,False,False
5177732006985500,-1.232926,-0.739133,0.444370,0.762670,0.034134,0.454894,-0.458519,False,False
5177732023839000,-1.250465,-0.738785,0.449750,0.764078,0.034084,0.452969,-0.458084,False,False
5177732041117500,-1.276470,-0.704452,0.460753,0.767411,0.033085,0.449321,-0.456177,False,False
5177732058819800,-1.276470,-0.704452,0.460753,0.767411,0.033085,0.449321,-0.456177,False,False
5177732076081200,-1.311226,-0.697207,0.471560,0.770846,0.031918,0.446395,-0.453331,False,False
5177732092875200,-1.311226,-0.697207,0.471560,0.770846,0.031918,0.446395,-0.453331,False,False
5177732110311200,-1.347842,-0.693826,0.482251,0.774461,0.030289,0.443928,-0.449690,False,False
5177732127741800,-1.363613,-0.683232,0.486593,0.776330,0.029213,0.442764,-0.447681,False,False
5177732144729100,-1.381407,-0.678598,0.491572,0.778092,0.028274,0.441629,-0.445799,False,False
5177732161498200,-1.399903,-0.675784,0.496733,0.779820,0.027350,0.440566,-0.443885,False,False
5177732179653800,-1.418693,-0.673481,0.501926,0.781553,0.026366,0.439505,-0.441945,False,False
5177732197906600,-1.437659,-0.671276,0.507121,0.783285,0.025360,0.438456,-0.439975,False,False
5177732214737300,-1.456780,-0.669035,0.512312,0.785215,0.024244,0.437101,-0.437941,False,False
5177732231511000,-1.475310,-0.662158,0.516047,0.787023,0.023157,0.435988,-0.435860,False,False
5177732249107200,-1.494300,-0.657289,0.520418,0.789005,0.022085,0.434576,-0.433735,False,False
5177732267220800,-1.513614,-0.654146,0.525302,0.790818,0.021158,0.433417,-0.431635,False,False
5177732284880600,-1.533069,-0.651564,0.530321,0.792624,0.020319,0.432253,-0.429525,False,False
5177732301950700,-1.552564,-0.649185,0.535341,0.794240,0.019641,0.431284,-0.427541,False,False
5177732319189500,-1.572145,-0.646853,0.540302,0.795925,0.019007,0.430133,-0.425592,False,False
5177732336531400,-1.587550,-0.632224,0.543337,0.797572,0.018242,0.429079,-0.423600,False,False
5177732354136300,-1.605935,-0.625910,0.547635,0.799197,0.017513,0.428210,-0.421442,False,False
5177732371675000,-1.625383,-0.622209,0.552327,0.800953,0.016728,0.427292,-0.419065,False,False
5177732388772100,-1.645206,-0.619365,0.557122,0.802542,0.015931,0.426685,-0.416669,False,False
5177732407091400,-1.665286,-0.616790,0.561940,0.804206,0.015098,0.425937,-0.414250,False,False
5177732424273500,-1.704297,-0.603336,0.569412,0.807470,0.013358,0.424225,-0.409692,False,False
5177732441937500,-1.704297,-0.603336,0.569412,0.807470,0.013358,0.424225,-0.409692,False,False
5177732459582200,-1.723977,-0.596298,0.573009,0.809018,0.012452,0.423220,-0.407700,False,False
5177732477659100,-1.765000,-0.589328,0.581740,0.811746,0.010619,0.421124,-0.404488,False,False
5177732494699000,-1.785827,-0.586608,0.586158,0.812964,0.009593,0.420050,-0.403182,False,False
5177732512738200,-1.806791,-0.583933,0.590504,0.814103,0.008283,0.419116,-0.401882,False,False
5177732529653400,-1.816236,-0.566699,0.599006,0.815342,0.006338,0.418240,-0.400315,False,False
5177732547594400,-1.833635,-0.559241,0.604472,0.816554,0.004102,0.417559,-0.398582,False,False
5177732564862500,-1.853586,-0.554845,0.608895,0.817834,0.001518,0.416969,-0.396588,False,False
5177732581805900,-1.874351,-0.551414,0.612916,0.819029,-0.001311,0.416593,-0.394512,False,False
5177732598676000,-1.895396,-0.548271,0.616741,0.820170,-0.004357,0.416259,-0.392467,False,False
5177732616878200,-1.916564,-0.545187,0.620439,0.821239,-0.007593,0.415898,-0.390560,False,False
5177732634186900,-1.612507,-0.284537,0.549093,0.821860,-0.013611,0.416177,-0.388790,False,False
5177732651251400,-1.463762,-0.146706,0.513583,0.822681,-0.018506,0.415922,-0.387120,False,False
5177732668825800,-1.428436,-0.098598,0.504189,0.823723,-0.022523,0.415196,-0.385468,False,False
5177732686718800,-1.428846,-0.078801,0.503014,0.824666,-0.026188,0.414431,-0.384041,False,False
5177732704461700,-1.440528,-0.067932,0.504400,0.825468,-0.029698,0.413644,-0.382909,False,False
5177732722643000,-1.455782,-0.059881,0.506542,0.826222,-0.033146,0.412749,-0.381964,False,False
5177732740082600,-1.472113,-0.052905,0.508676,0.830117,-0.032577,0.409960,-0.376534,False,False
5177732757041600,-1.488881,-0.046157,0.511090,0.830668,-0.035770,0.409274,-0.375775,False,False
5177732774120100,-1.505797,-0.039626,0.513537,0.831130,-0.038654,0.408695,-0.375096,False,False
5177732791961500,-1.539771,-0.026919,0.518480,0.831758,-0.043236,0.408046,-0.373909,False,False
5177732809409000,-1.539771,-0.026919,0.518480,0.831758,-0.043236,0.408046,-0.373909,False,False
5177732826728700,-1.523473,0.014071,0.518005,0.832790,-0.046740,0.407256,-0.372047,False,False
5177732844034500,-1.514803,0.034602,0.517803,0.833395,-0.047709,0.407004,-0.370843,False,False
